(2, 1, 1, (2, 2))
(3, 1, 2, (2, 2))
(4, 3, 3, (7, 2))
(5, 7, 4, (3, 2))
(6, 7, 5, (3, 3))
(7, 21, 5, (11, 2))
(8, 3, 7, (7, 2))
(9, 6, 8, (7, 2))
(10, 6, 9, (11, 2))
(11, 3, 10, (7, 5))
(12, 22, 10, (3, 2))
(13, 19, 11, (3, 2))
(14, 4, 13, (3, 2))
(15, 42, 13, (13, 2))
(16, 6, 15, (11, 2))
(17, 69, 15, (19, 2))
(18, 13, 16, (3, 3))
(19, 37, 17, (3, 2))
(20, 15, 18, (17, 2))
(21, 6, 20, (7, 2))
(22, 96, 20, (13, 2))
(23, 9, 22, (11, 3))
(24, 28, 22, (3, 3))
(25, 96, 23, (7, 2))
(26, 61, 24, (3, 2))
(27, 6, 26, (7, 3))
(28, 9, 27, (7, 2))
(29, 3, 28, (7, 2))
(30, 51, 28, (11, 3))
(31, 33, 29, (7, 2))
(32, 63, 30, (17, 2))
(33, 57, 31, (11, 2))
(34, 112, 31, (3, 2))
(35, 55, 33, (3, 2))
(36, 49, 34, (3, 2))
(37, 3, 36, (23, 2))
(38, 16, 36, (3, 2))
(39, 6, 38, (7, 7))
(40, 12, 38, (11, 2))
(41, 42, 39, (13, 2))
(42, 24, 40, (7, 2))
(43, 36, 41, (7, 2))
(44, 72, 42, (7, 2))
(45, 21, 43, (11, 2))
(46, 6, 45, (11, 2))
(47, 21, 45, (11, 2))
(48, 24, 46, (7, 3))
(49, 33, 47, (7, 2))
(50, 61, 48, (3, 3))
(51, 21, 49, (11, 2))
(52, 85, 50, (3, 2))
(53, 31, 51, (3, 2))
(54, 49, 52, (3, 2))
(55, 13, 53, (3, 2))
(56, 93, 54, (7, 2))
(57, 18, 55, (7, 2))
(58, 9, 57, (7, 2))
(59, 151, 56, (3, 2))
(60, 16, 58, (3, 2))
(61, 123, 58, (7, 2))
(62, 19, 60, (3, 2))
(63, 9, 62, (7, 2))
(64, 42, 62, (11, 2))
(65, 111, 62, (7, 3))
(66, 6, 65, (7, 2))
(67, 31, 65, (3, 2))
(68, 3, 67, (7, 3))
(69, 36, 67, (17, 2))
(70, 16, 68, (3, 2))
(71, 196, 68, (3, 2))
(72, 115, 69, (3, 2))
(73, 19, 71, (3, 2))
(74, 99, 72, (23, 2))
(75, 15, 73, (11, 2))
(76, 141, 73, (13, 5))
(77, 147, 74, (13, 2))
(78, 42, 76, (11, 3))
(79, 9, 78, (7, 3))
(80, 16, 78, (3, 2))
(81, 42, 79, (13, 2))
(82, 3, 81, (7, 2))
(83, 82, 81, (3, 2))
(84, 88, 82, (3, 2))
(85, 63, 83, (13, 2))
(86, 16, 84, (3, 2))
(87, 19, 85, (3, 2))
(88, 264, 85, (13, 2))
(89, 112, 86, (3, 2))
(90, 78, 88, (7, 2))
(91, 123, 88, (7, 2))
(92, 226, 89, (3, 2))
(93, 43, 91, (3, 2))
(94, 63, 92, (19, 2))
(95, 55, 93, (3, 2))
(96, 16, 94, (3, 2))
(97, 13, 95, (3, 2))
(98, 94, 96, (3, 2))
(99, 27, 97, (7, 2))
(100, 72, 98, (7, 2))
(101, 82, 99, (3, 2))
(102, 321, 99, (11, 2))
(103, 111, 100, (11, 2))
(104, 22, 102, (3, 2))
(105, 123, 102, (7, 2))
(106, 84, 104, (11, 2))
(107, 13, 105, (3, 2))
(108, 88, 106, (3, 2))
(109, 48, 107, (7, 2))
(110, 124, 107, (3, 2))
(111, 42, 109, (13, 2))
(112, 115, 109, (3, 2))
(113, 6, 112, (11, 2))
(114, 55, 112, (3, 2))
(115, 192, 112, (7, 2))
(116, 39, 114, (7, 2))
(117, 205, 114, (3, 3))
(118, 34, 116, (3, 2))
(119, 46, 117, (3, 2))
(120, 45, 118, (7, 2))
(121, 97, 119, (3, 2))
(122, 37, 120, (3, 3))
(123, 64, 121, (3, 3))
(124, 85, 122, (3, 2))
(125, 289, 122, (3, 2))
(126, 234, 123, (7, 2))
(127, 13, 125, (3, 5))
(128, 79, 126, (3, 2))
(129, 135, 126, (7, 2))
(130, 48, 128, (7, 7))
(131, 97, 129, (3, 3))
(132, 238, 129, (3, 2))
(133, 73, 131, (3, 2))
(134, 78, 132, (11, 3))
(135, 165, 132, (7, 2))
(136, 115, 133, (3, 3))
(137, 7, 136, (3, 2))
(138, 94, 136, (3, 2))
(139, 564, 136, (7, 2))
(140, 39, 138, (7, 2))
(141, 201, 138, (7, 2))
(142, 234, 139, (7, 3))
(143, 7, 142, (3, 2))
(144, 502, 141, (3, 2))
(145, 15, 143, (7, 2))
(146, 511, 143, (3, 2))
(147, 33, 145, (13, 2))
(148, 3, 147, (7, 3))
(149, 88, 147, (3, 2))
(150, 109, 147, (3, 2))
(151, 36, 149, (7, 2))
(152, 16, 150, (3, 3))
(153, 162, 150, (13, 2))
(154, 51, 152, (7, 2))
(155, 52, 153, (3, 2))
(156, 205, 153, (3, 2))
(157, 228, 154, (7, 2))
(158, 279, 155, (7, 5))
(159, 7, 158, (3, 2))
(160, 231, 157, (19, 2))
(161, 156, 158, (7, 2))
(162, 229, 159, (3, 5))
(163, 114, 160, (13, 2))
(164, 213, 161, (11, 2))
(165, 13, 163, (3, 2))
(166, 115, 163, (3, 2))
(167, 226, 164, (3, 2))
(168, 171, 165, (7, 2))
(169, 226, 166, (3, 2))
(170, 19, 168, (3, 3))
(171, 121, 168, (3, 2))
(172, 208, 169, (3, 2))
(173, 145, 170, (3, 2))
(174, 361, 171, (3, 2))
(175, 664, 172, (3, 2))
(176, 244, 173, (3, 2))
(177, 114, 174, (7, 2))
(178, 69, 176, (7, 2))
(179, 151, 176, (3, 2))
(180, 16, 178, (3, 2))
(181, 235, 178, (3, 3))
(182, 49, 180, (3, 2))
(183, 172, 180, (3, 3))
(184, 355, 181, (3, 2))
(185, 126, 182, (11, 2))
(186, 42, 184, (11, 2))
(187, 436, 184, (3, 2))
(188, 258, 185, (7, 2))
(189, 277, 186, (3, 2))
(190, 82, 188, (3, 2))
(191, 189, 188, (17, 2))
(192, 16, 190, (3, 3))
(193, 82, 191, (3, 5))
(194, 15, 192, (23, 2))
(195, 235, 192, (3, 2))
(196, 39, 194, (11, 3))
(197, 429, 194, (7, 2))
(198, 103, 195, (3, 3))
(199, 72, 197, (11, 3))
(200, 117, 197, (7, 2))
(201, 24, 199, (7, 2))
