(2, 1, 1, 2)
(3, 1, 2, 2)
(4, 3, 2, 2)
(5, 1, 4, 3)
(6, 5, 3, 3)
(7, 3, 5, 5)
(8, 3, 6, 5)
(9, 1, 8, 3)
(10, 3, 8, 7)
(11, 9, 7, 5)
(12, 13, 8, 3)
(13, 15, 9, 13)
(14, 3, 12, 11)
(15, 9, 11, 5)
(16, 5, 13, 3)
(17, 1, 16, 3)
(18, 5, 15, 3)
(19, 33, 13, 5)
(20, 3, 18, 5)
(21, 9, 17, 19)
(22, 21, 17, 5)
(23, 7, 20, 3)
(24, 13, 20, 3)
(25, 11, 21, 3)
(26, 69, 19, 5)
(27, 25, 22, 3)
(28, 5, 25, 3)
(29, 7, 26, 3)
(30, 45, 24, 11)
(31, 15, 27, 11)
(32, 3, 30, 5)
(33, 59, 27, 3)
(34, 23, 29, 3)
(35, 45, 29, 7)
(36, 49, 30, 3)
(37, 9, 33, 7)
(38, 3, 36, 11)
(39, 73, 32, 3)
(40, 99, 33, 13)
(41, 15, 37, 7)
(42, 5, 39, 3)
(43, 3, 41, 5)
(44, 63, 38, 5)
(45, 27, 40, 5)
(46, 9, 42, 5)
(47, 9, 43, 5)
(48, 15, 44, 7)
(49, 27, 44, 5)
(50, 63, 44, 11)
(51, 19, 46, 3)
(52, 15, 48, 11)
(53, 7, 50, 3)
(54, 23, 49, 3)
(55, 7, 52, 3)
(56, 17, 51, 3)
(57, 25, 52, 3)
(58, 5, 55, 3)
(59, 51, 53, 5)
(60, 49, 54, 3)
(61, 27, 56, 5)
(62, 29, 57, 3)
(63, 87, 56, 5)
(64, 27, 59, 5)
(65, 31, 60, 3)
(66, 45, 60, 11)
(67, 9, 63, 5)
(68, 3, 66, 5)
(69, 9, 65, 19)
(70, 75, 63, 7)
(71, 9, 67, 5)
(72, 33, 66, 5)
(73, 31, 68, 3)
(74, 23, 69, 3)
(75, 221, 67, 3)
(76, 39, 70, 5)
(77, 39, 71, 5)
(78, 5, 75, 3)
(79, 39, 73, 17)
(80, 29, 75, 3)
(81, 67, 74, 3)
(82, 15, 78, 11)
(83, 25, 78, 3)
(84, 145, 76, 3)
(85, 9, 81, 7)
(86, 13, 82, 3)
(87, 249, 79, 5)
(88, 5, 85, 3)
(89, 51, 83, 11)
(90, 37, 84, 3)
(91, 53, 85, 3)
(92, 65, 85, 3)
(93, 87, 86, 7)
(94, 61, 88, 3)
(95, 7, 92, 3)
(96, 57, 90, 23)
(97, 27, 92, 5)
(98, 29, 93, 3)
(99, 33, 93, 5)
(100, 43, 94, 3)
(101, 85, 94, 3)
(102, 57, 96, 5)
(103, 121, 96, 3)
(104, 43, 98, 3)
(105, 131, 97, 3)
(106, 315, 97, 11)
(107, 219, 99, 5)
(108, 29, 103, 3)
(109, 67, 102, 3)
(110, 43, 104, 3)
(111, 53, 105, 3)
(112, 37, 106, 3)
(113, 231, 105, 5)
(114, 105, 107, 11)
(115, 93, 108, 7)
(116, 15, 112, 7)
(117, 73, 110, 3)
(118, 95, 111, 3)
(119, 129, 111, 5)
(120, 153, 112, 7)
(121, 115, 114, 3)
(122, 163, 114, 3)
(123, 7, 120, 3)
(124, 33, 118, 5)
(125, 51, 119, 11)
(126, 71, 119, 3)
(127, 177, 119, 5)
(128, 81, 121, 5)
(129, 11, 125, 3)
(130, 5, 127, 3)
(131, 11, 127, 3)
(132, 81, 125, 5)
(133, 21, 128, 5)
(134, 21, 129, 5)
(135, 111, 128, 5)
(136, 65, 129, 3)
(137, 295, 128, 3)
(138, 9, 134, 5)
(139, 53, 133, 3)
(140, 247, 132, 3)
(141, 67, 134, 3)
(142, 147, 134, 11)
(143, 225, 135, 11)
(144, 111, 137, 5)
(145, 31, 140, 3)
(146, 219, 138, 5)
(147, 355, 138, 3)
(148, 29, 143, 3)
(149, 141, 141, 5)
(150, 43, 144, 3)
(151, 249, 143, 5)
(152, 17, 147, 3)
(153, 35, 147, 3)
(154, 175, 146, 3)
(155, 81, 148, 5)
(156, 163, 148, 3)
(157, 191, 149, 3)
(158, 65, 151, 3)
(159, 63, 153, 5)
(160, 315, 151, 13)
(161, 131, 153, 3)
(162, 105, 155, 11)
(163, 117, 156, 5)
(164, 43, 158, 3)
(165, 183, 157, 5)
(166, 9, 162, 5)
(167, 225, 159, 13)
(168, 141, 160, 5)
(169, 99, 162, 5)
(170, 75, 163, 11)
(171, 93, 164, 13)
(172, 15, 168, 11)
(173, 131, 165, 3)
(174, 61, 168, 3)
(175, 91, 168, 3)
(176, 165, 168, 7)
(177, 7, 174, 3)
(178, 177, 170, 11)
(179, 207, 171, 5)
(180, 27, 175, 5)
(181, 51, 175, 7)
(182, 95, 175, 3)
(183, 7, 180, 3)
(184, 347, 175, 3)
(185, 333, 176, 7)
(186, 299, 177, 3)
(187, 127, 180, 3)
(188, 83, 181, 3)
(189, 25, 184, 3)
(190, 29, 185, 3)
(191, 3, 189, 5)
(192, 13, 188, 3)
(193, 7, 190, 3)
(194, 187, 186, 3)
(195, 45, 189, 11)
(196, 57, 190, 7)
(197, 617, 187, 3)
(198, 159, 190, 5)
(199, 149, 191, 3)
(200, 111, 193, 5)
(201, 183, 193, 5)
(202, 163, 194, 3)
(203, 3, 201, 5)
(204, 261, 195, 7)
(205, 203, 197, 3)
(206, 45, 200, 7)
(207, 85, 200, 3)
(208, 181, 200, 3)
(209, 191, 201, 3)
(210, 9, 206, 5)
(211, 3, 209, 5)
(212, 65, 205, 3)
(213, 11, 209, 3)
(214, 21, 209, 5)
(215, 9, 211, 5)
(216, 275, 207, 3)
(217, 261, 208, 5)
(218, 99, 211, 5)
(219, 73, 212, 3)
(220, 27, 215, 5)
(221, 31, 216, 3)
(222, 105, 215, 11)
(223, 505, 214, 3)
(224, 183, 216, 13)
(225, 615, 215, 11)
(226, 55, 220, 3)
(227, 279, 218, 5)
(228, 381, 219, 11)
(229, 75, 222, 7)
(230, 395, 221, 3)
(231, 245, 223, 3)
(232, 351, 223, 7)
(233, 15, 229, 7)
(234, 63, 228, 17)
(235, 115, 228, 3)
(236, 29, 231, 3)
(237, 25, 232, 3)
(238, 195, 230, 17)
(239, 207, 231, 5)
(240, 83, 233, 3)
(241, 285, 232, 11)
(242, 37, 236, 3)
(243, 67, 236, 3)
(244, 95, 237, 3)
(245, 67, 238, 3)
(246, 65, 239, 3)
(247, 533, 237, 3)
(248, 17, 243, 3)
(249, 291, 240, 5)
(250, 29, 245, 3)
(251, 35, 245, 3)
(252, 177, 244, 5)
(253, 203, 245, 3)
(254, 75, 247, 13)
(255, 167, 247, 3)
(256, 207, 248, 5)
(257, 39, 251, 5)
(258, 43, 252, 3)
(259, 313, 250, 3)
(260, 37, 254, 3)
(261, 135, 253, 7)
(262, 633, 252, 17)
(263, 51, 257, 5)
(264, 65, 257, 3)
(265, 239, 257, 3)
(266, 147, 258, 11)
(267, 91, 260, 3)
(268, 55, 262, 3)
(269, 51, 263, 11)
(270, 159, 262, 5)
(271, 121, 264, 3)
(272, 17, 267, 3)
(273, 25, 268, 3)
(274, 81, 267, 7)
(275, 123, 268, 11)
(276, 175, 268, 3)
(277, 99, 270, 5)
(278, 3, 276, 11)
(279, 177, 271, 5)
(280, 27, 275, 5)
(281, 21, 276, 5)
(282, 261, 273, 5)
(283, 147, 275, 5)
(284, 81, 277, 5)
(285, 297, 276, 5)
(286, 63, 280, 13)
(287, 231, 279, 17)
(288, 125, 281, 3)
(289, 357, 280, 5)
(290, 135, 282, 7)
(291, 325, 282, 3)
(292, 37, 286, 3)
(293, 7, 290, 3)
(294, 77, 287, 3)
(295, 33, 289, 5)
(296, 37, 290, 3)
(297, 59, 291, 3)
(298, 107, 291, 3)
(299, 141, 291, 11)
(300, 287, 291, 3)
(301, 15, 297, 11)
(302, 177, 294, 7)
(303, 81, 296, 5)
(304, 207, 296, 5)
(305, 93, 298, 5)
(306, 71, 299, 3)
(307, 177, 299, 5)
(308, 389, 299, 3)
(309, 267, 300, 5)
(310, 107, 303, 3)
(311, 141, 303, 11)
(312, 13, 308, 3)
(313, 239, 305, 3)
(314, 65, 307, 3)
(315, 231, 307, 13)
(316, 285, 307, 17)
(317, 957, 307, 5)
(318, 21, 313, 5)
(319, 75, 312, 7)
(320, 13, 316, 3)
(321, 153, 313, 5)
(322, 207, 314, 7)
(323, 7, 320, 3)
(324, 559, 314, 3)
(325, 109, 318, 3)
(326, 99, 319, 5)
(327, 51, 321, 5)
(328, 177, 320, 5)
(329, 457, 320, 3)
(330, 625, 320, 3)
(331, 81, 324, 5)
(332, 63, 326, 5)
(333, 35, 327, 3)
(334, 561, 324, 5)
(335, 469, 326, 3)
(336, 297, 327, 5)
(337, 261, 328, 5)
(338, 125, 331, 3)
(339, 45, 333, 13)
(340, 63, 334, 5)
(341, 143, 333, 3)
(342, 177, 334, 7)
(343, 15, 339, 19)
(344, 133, 336, 3)
(345, 25, 340, 3)
(346, 23, 341, 3)
(347, 159, 339, 5)
(348, 559, 338, 3)
(349, 67, 342, 3)
(350, 55, 344, 3)
(351, 81, 344, 5)
(352, 17, 347, 3)
(353, 301, 344, 3)
(354, 423, 345, 5)
(355, 3, 353, 5)
(356, 201, 348, 5)
(357, 941, 347, 3)
(358, 65, 351, 3)
(359, 161, 351, 3)
(360, 165, 352, 13)
(361, 35, 355, 3)
(362, 55, 356, 3)
(363, 231, 355, 13)
(364, 253, 356, 3)
(365, 265, 356, 3)
(366, 261, 357, 5)
(367, 189, 359, 5)
(368, 281, 359, 3)
(369, 131, 361, 3)
(370, 9, 366, 5)
(371, 19, 366, 3)
(372, 113, 365, 3)
(373, 195, 365, 23)
(374, 993, 364, 7)
(375, 555, 365, 11)
(376, 39, 370, 5)
(377, 171, 369, 5)
(378, 45, 372, 13)
(379, 197, 371, 3)
(380, 83, 373, 3)
(381, 39, 375, 5)
(382, 195, 374, 11)
(383, 725, 373, 3)
(384, 285, 375, 7)
(385, 41, 379, 3)
(386, 23, 381, 3)
(387, 159, 379, 5)
(388, 211, 380, 3)
(389, 67, 382, 3)
(390, 235, 382, 3)
(391, 735, 381, 11)
(392, 485, 383, 3)
(393, 7, 390, 3)
(394, 23, 389, 3)
(395, 39, 389, 7)
(396, 29, 391, 3)
(397, 183, 389, 5)
(398, 55, 392, 3)
(399, 105, 392, 29)
(400, 347, 391, 3)
(401, 143, 393, 3)
(402, 21, 397, 5)
(403, 81, 396, 5)
(404, 57, 398, 7)
(405, 93, 398, 5)
(406, 1095, 395, 7)
(407, 97, 400, 3)
(408, 613, 398, 3)
(409, 585, 399, 7)
(410, 3, 408, 11)
(411, 465, 402, 11)
(412, 27, 407, 5)
(413, 39, 407, 5)
(414, 169, 406, 3)
(415, 861, 405, 5)
(416, 63, 410, 5)
(417, 99, 410, 5)
(418, 33, 412, 19)
(419, 403, 410, 3)
(420, 105, 413, 13)
(421, 31, 416, 3)
(422, 129, 414, 5)
(423, 327, 414, 7)
(424, 71, 417, 3)
(425, 291, 416, 5)
(426, 877, 416, 3)
(427, 179, 419, 3)
(428, 81, 421, 5)
(429, 1059, 418, 5)
(430, 393, 421, 5)
(431, 933, 421, 5)
(432, 843, 422, 5)
(433, 765, 423, 7)
(434, 565, 424, 3)
(435, 7, 432, 3)
(436, 1505, 425, 3)
(437, 75, 430, 11)
(438, 225, 430, 7)
(439, 953, 429, 3)
(440, 3, 438, 5)
(441, 105, 434, 13)
(442, 193, 434, 3)
(443, 81, 436, 5)
(444, 745, 434, 3)
(445, 155, 437, 3)
(446, 419, 437, 3)
(447, 177, 439, 5)
(448, 223, 440, 3)
(449, 45, 443, 7)
(450, 177, 442, 7)
(451, 683, 441, 3)
(452, 261, 443, 11)
(453, 25, 448, 3)
(454, 81, 447, 7)
(455, 155, 447, 3)
(456, 955, 446, 3)
(457, 333, 448, 11)
(458, 1181, 447, 3)
(459, 33, 453, 5)
(460, 27, 455, 5)
(461, 67, 454, 3)
(462, 57, 456, 5)
(463, 115, 456, 3)
(464, 449, 455, 3)
(465, 611, 455, 3)
(466, 585, 456, 7)
(467, 135, 459, 7)
(468, 669, 458, 5)
(469, 313, 460, 3)
(470, 45, 464, 7)
(471, 539, 461, 3)
(472, 183, 464, 7)
(473, 131, 465, 3)
(474, 323, 465, 3)
(475, 137, 467, 3)
(476, 17, 471, 3)
(477, 67, 470, 3)
(478, 293, 469, 3)
(479, 551, 469, 3)
(480, 595, 470, 3)
(481, 445, 472, 3)
(482, 249, 474, 5)
(483, 123, 476, 7)
(484, 459, 475, 5)
(485, 447, 476, 5)
(486, 65, 479, 3)
(487, 819, 477, 17)
(488, 261, 479, 13)
(489, 115, 482, 3)
(490, 77, 483, 3)
(491, 53, 485, 3)
(492, 181, 484, 3)
(493, 669, 483, 5)
(494, 253, 486, 3)
(495, 283, 486, 3)
(496, 141, 488, 5)
(497, 105, 490, 11)
(498, 125, 491, 3)
(499, 873, 489, 5)
(500, 1101, 489, 5)
(501, 239, 493, 3)
(502, 299, 493, 3)
(503, 433, 494, 3)
(504, 1451, 493, 3)
(505, 185, 497, 3)
(506, 625, 496, 3)
(507, 295, 498, 3)
(508, 57, 502, 7)
(509, 629, 499, 3)
(510, 711, 500, 5)
(511, 127, 504, 3)
(512, 2401, 500, 3)
(513, 519, 503, 5)
(514, 745, 504, 3)
(515, 755, 505, 3)
(516, 113, 509, 3)
(517, 267, 508, 5)
(518, 249, 510, 5)
(519, 783, 509, 5)
(520, 101, 513, 3)
(521, 15, 517, 7)
(522, 69, 515, 5)
(523, 921, 513, 5)
(524, 39, 518, 5)
(525, 87, 518, 7)
(526, 15, 522, 11)
(527, 417, 518, 7)
(528, 371, 519, 3)
(529, 233, 521, 3)
(530, 169, 522, 3)
(531, 33, 525, 5)
(532, 823, 522, 3)
(533, 367, 524, 3)
(534, 189, 526, 5)
(535, 873, 525, 5)
(536, 3, 534, 5)
(537, 131, 529, 3)
(538, 813, 528, 13)
(539, 277, 530, 3)
(540, 95, 533, 3)
(541, 959, 531, 3)
(542, 169, 534, 3)
(543, 141, 535, 7)
(544, 163, 536, 3)
(545, 79, 538, 3)
(546, 81, 539, 7)
(547, 385, 538, 3)
(548, 193, 540, 3)
(549, 465, 540, 13)
(550, 1229, 539, 3)
(551, 545, 541, 3)
(552, 151, 544, 3)
(553, 255, 545, 7)
(554, 1457, 543, 3)
(555, 225, 547, 7)
(556, 435, 547, 7)
(557, 677, 547, 3)
(558, 637, 548, 3)
(559, 25, 554, 3)
(560, 65, 553, 3)
(561, 645, 551, 7)
(562, 441, 553, 5)
(563, 141, 555, 13)
(564, 141, 556, 5)
(565, 127, 558, 3)
(566, 77, 559, 3)
(567, 393, 558, 5)
(568, 151, 560, 3)
(569, 363, 560, 13)
(570, 145, 562, 3)
(571, 319, 562, 3)
(572, 507, 563, 5)
(573, 731, 563, 3)
(574, 107, 567, 3)
(575, 741, 565, 5)
(576, 285, 567, 7)
(577, 361, 568, 3)
(578, 345, 569, 17)
(579, 337, 570, 3)
(580, 627, 570, 7)
(581, 705, 571, 13)
(582, 765, 572, 19)
(583, 171, 575, 7)
(584, 81, 577, 5)
(585, 327, 576, 5)
(586, 1061, 575, 3)
(587, 319, 578, 3)
(588, 125, 581, 3)
(589, 47, 583, 3)
(590, 363, 581, 5)
(591, 427, 582, 3)
(592, 567, 582, 13)
(593, 215, 585, 3)
(594, 531, 584, 5)
(595, 519, 585, 11)
(596, 89, 589, 3)
(597, 161, 589, 3)
(598, 555, 588, 7)
(599, 81, 592, 5)
(600, 49, 594, 3)
(601, 233, 593, 3)
(602, 961, 592, 3)
(603, 245, 595, 3)
(604, 183, 596, 7)
(605, 67, 598, 3)
(606, 955, 596, 3)
(607, 659, 597, 3)
(608, 133, 600, 3)
(609, 87, 602, 7)
(610, 1469, 599, 3)
(611, 319, 602, 3)
(612, 207, 604, 5)
(613, 701, 603, 3)
(614, 263, 605, 3)
(615, 581, 605, 3)
(616, 347, 607, 3)
(617, 189, 609, 11)
(618, 305, 609, 3)
(619, 7, 616, 3)
(620, 275, 611, 3)
(621, 267, 612, 5)
(622, 655, 612, 3)
(623, 103, 616, 3)
(624, 401, 615, 3)
(625, 265, 616, 3)
(626, 783, 616, 7)
(627, 611, 617, 3)
(628, 95, 621, 3)
(629, 103, 622, 3)
(630, 345, 621, 7)
(631, 85, 624, 3)
(632, 63, 626, 5)
(633, 231, 625, 5)
(634, 345, 625, 7)
(635, 621, 625, 5)
(636, 449, 627, 3)
(637, 947, 627, 3)
(638, 99, 631, 5)
(639, 725, 629, 3)
(640, 101, 633, 3)
(641, 179, 633, 3)
(642, 865, 632, 3)
(643, 621, 633, 5)
(644, 145, 636, 3)
(645, 203, 637, 3)
(646, 955, 636, 3)
(647, 405, 638, 11)
(648, 141, 640, 5)
(649, 221, 641, 3)
(650, 117, 643, 5)
(651, 1063, 640, 3)
(652, 619, 642, 3)
(653, 1065, 642, 13)
(654, 23, 649, 3)
(655, 237, 647, 5)
(656, 275, 647, 3)
(657, 155, 649, 3)
(658, 15, 654, 11)
(659, 97, 652, 3)
(660, 1029, 649, 13)
(661, 471, 652, 5)
(662, 77, 655, 3)
(663, 735, 653, 11)
(664, 387, 655, 5)
(665, 183, 657, 5)
(666, 1247, 655, 3)
(667, 9, 663, 5)
(668, 95, 661, 3)
(669, 25, 664, 3)
(670, 667, 660, 3)
(671, 357, 662, 11)
(672, 495, 663, 7)
(673, 179, 665, 3)
(674, 77, 667, 3)
(675, 375, 666, 7)
(676, 525, 666, 11)
(677, 747, 667, 5)
(678, 393, 669, 5)
(679, 1953, 668, 11)
(680, 113, 673, 3)
(681, 515, 671, 3)
(682, 75, 675, 7)
(683, 111, 676, 5)
(684, 165, 676, 13)
(685, 155, 677, 3)
(686, 255, 678, 11)
(687, 423, 678, 5)
(688, 347, 679, 3)
(689, 381, 680, 5)
(690, 567, 680, 5)
(691, 1171, 680, 3)
(692, 1235, 681, 3)
(693, 93, 686, 5)
(694, 633, 684, 17)
(695, 357, 686, 11)
(696, 1311, 685, 5)
(697, 617, 687, 3)
(698, 159, 690, 5)
(699, 63, 693, 5)
(700, 595, 690, 3)
(701, 51, 695, 13)
(702, 1601, 691, 3)
(703, 91, 696, 3)
(704, 381, 695, 7)
(705, 231, 697, 5)
(706, 607, 696, 3)
(707, 1555, 696, 3)
(708, 223, 700, 3)
(709, 447, 700, 5)
(710, 531, 700, 5)
(711, 357, 702, 11)
(712, 71, 705, 3)
(713, 837, 703, 5)
(714, 455, 705, 3)
(715, 185, 707, 3)
(716, 193, 708, 3)
(717, 647, 707, 3)
(718, 37, 712, 3)
(719, 615, 709, 7)
(720, 253, 712, 3)
(721, 1717, 710, 3)
(722, 867, 712, 5)
(723, 379, 714, 3)
(724, 389, 715, 3)
(725, 57, 719, 5)
(726, 159, 718, 5)
(727, 161, 719, 3)
(728, 133, 720, 3)
(729, 97, 722, 3)
(730, 2473, 718, 3)
(731, 1603, 720, 3)
(732, 33, 726, 5)
(733, 67, 726, 3)
(734, 213, 726, 5)
(735, 759, 725, 7)
(736, 955, 726, 3)
(737, 165, 729, 7)
(738, 1031, 727, 3)
(739, 121, 732, 3)
(740, 113, 733, 3)
(741, 837, 731, 5)
(742, 771, 732, 5)
(743, 103, 736, 3)
(744, 269, 735, 3)
(745, 25, 740, 3)
(746, 4015, 734, 3)
(747, 63, 741, 5)
(748, 903, 738, 5)
(749, 123, 742, 5)
(750, 895, 740, 3)
(751, 609, 741, 17)
(752, 17, 747, 3)
(753, 25, 748, 3)
(754, 333, 745, 5)
(755, 1033, 744, 3)
(756, 441, 747, 11)
(757, 831, 747, 7)
(758, 393, 749, 5)
(759, 423, 750, 5)
(760, 95, 753, 3)
(761, 221, 753, 3)
(762, 1119, 751, 5)
(763, 505, 754, 3)
(764, 141, 756, 5)
(765, 331, 756, 3)
(766, 555, 756, 7)
(767, 373, 758, 3)
(768, 1481, 757, 3)
(769, 291, 760, 5)
(770, 479, 761, 3)
(771, 1117, 760, 3)
(772, 693, 762, 5)
(773, 131, 765, 3)
(774, 63, 768, 19)
(775, 1035, 764, 11)
(776, 279, 767, 5)
(777, 333, 768, 7)
(778, 455, 769, 3)
(779, 219, 771, 5)
(780, 253, 772, 3)
(781, 1159, 770, 3)
(782, 757, 772, 3)
(783, 981, 773, 5)
(784, 43, 778, 3)
(785, 321, 776, 5)
(786, 9, 782, 5)
(787, 345, 778, 7)
(788, 1229, 777, 3)
(789, 239, 781, 3)
(790, 393, 781, 5)
(791, 189, 783, 5)
(792, 699, 782, 5)
(793, 651, 783, 11)
(794, 129, 786, 5)
(795, 121, 788, 3)
(796, 181, 788, 3)
(797, 221, 789, 3)
(798, 269, 789, 3)
(799, 435, 790, 7)
(800, 305, 791, 3)
(801, 313, 792, 3)
(802, 177, 794, 11)
(803, 891, 793, 5)
(804, 243, 796, 11)
(805, 1099, 794, 3)
(806, 1701, 795, 13)
(807, 45, 801, 13)
(808, 1173, 797, 5)
(809, 989, 799, 3)
(810, 727, 800, 3)
(811, 711, 801, 5)
(812, 335, 803, 3)
(813, 2283, 801, 5)
(814, 449, 805, 3)
(815, 231, 807, 17)
(816, 81, 809, 5)
(817, 143, 809, 3)
(818, 381, 809, 5)
(819, 239, 811, 3)
(820, 327, 811, 5)
(821, 483, 812, 11)
(822, 585, 812, 7)
(823, 345, 814, 7)
(824, 39, 818, 5)
(825, 355, 816, 3)
(826, 189, 818, 5)
(827, 149, 819, 3)
(828, 297, 819, 5)
(829, 1197, 818, 11)
(830, 1239, 819, 5)
(831, 51, 825, 5)
(832, 147, 824, 5)
(833, 7, 830, 3)
(834, 33, 828, 7)
(835, 149, 827, 3)
(836, 937, 826, 3)
(837, 325, 828, 3)
(838, 75, 831, 7)
(839, 123, 832, 13)
(840, 1365, 829, 11)
(841, 569, 831, 3)
(842, 253, 834, 3)
(843, 1575, 832, 13)
(844, 1121, 833, 3)
(845, 171, 837, 5)
(846, 229, 838, 3)
(847, 1641, 836, 5)
(848, 395, 839, 3)
(849, 69, 842, 5)
(850, 177, 842, 13)
(851, 249, 843, 5)
(852, 1359, 841, 7)
(853, 233, 845, 3)
(854, 595, 844, 3)
(855, 267, 846, 11)
(856, 357, 847, 5)
(857, 741, 847, 7)
(858, 1271, 847, 3)
(859, 81, 852, 5)
(860, 1499, 849, 3)
(861, 1107, 850, 7)
(862, 199, 854, 3)
(863, 53, 857, 3)
(864, 175, 856, 3)
(865, 191, 857, 3)
(866, 2755, 854, 3)
(867, 453, 858, 5)
(868, 195, 860, 17)
(869, 741, 859, 7)
(870, 1061, 859, 3)
(871, 39, 865, 11)
(872, 177, 864, 5)
(873, 1555, 862, 3)
(874, 117, 867, 5)
(875, 357, 866, 11)
(876, 371, 867, 3)
(877, 67, 870, 3)
(878, 1605, 867, 7)
(879, 521, 869, 3)
(880, 1155, 869, 13)
(881, 1663, 870, 3)
(882, 1499, 871, 3)
(883, 137, 875, 3)
(884, 1005, 874, 11)
(885, 315, 876, 19)
(886, 801, 876, 5)
(887, 231, 879, 17)
(888, 217, 880, 3)
(889, 519, 879, 5)
(890, 1391, 879, 3)
(891, 285, 882, 7)
(892, 637, 882, 3)
(893, 849, 883, 5)
(894, 757, 884, 3)
(895, 989, 885, 3)
(896, 147, 888, 5)
(897, 941, 887, 3)
(898, 681, 888, 5)
(899, 641, 889, 3)
(900, 223, 892, 3)
(901, 99, 894, 5)
(902, 831, 892, 5)
(903, 135, 895, 7)
(904, 15, 900, 17)
(905, 141, 897, 5)
(906, 381, 897, 5)
(907, 499, 898, 3)
(908, 1905, 897, 17)
(909, 231, 901, 5)
(910, 541, 900, 3)
(911, 1431, 900, 5)
(912, 435, 903, 17)
(913, 569, 903, 3)
(914, 631, 904, 3)
(915, 3119, 903, 3)
(916, 933, 906, 5)
(917, 537, 907, 5)
(918, 793, 908, 3)
(919, 221, 911, 3)
(920, 1431, 909, 5)
(921, 1299, 910, 5)
(922, 139, 914, 3)
(923, 3851, 911, 3)
(924, 925, 914, 3)
(925, 141, 917, 5)
(926, 1877, 915, 3)
(927, 1251, 916, 5)
(928, 375, 919, 11)
(929, 149, 921, 3)
(930, 135, 922, 7)
(931, 765, 921, 7)
(932, 431, 923, 3)
(933, 1507, 922, 3)
(934, 745, 924, 3)
(935, 785, 925, 3)
(936, 347, 927, 3)
(937, 421, 928, 3)
(938, 1335, 927, 7)
(939, 149, 931, 3)
(940, 223, 932, 3)
(941, 185, 933, 3)
(942, 1335, 931, 17)
(943, 231, 935, 13)
(944, 769, 934, 3)
(945, 1477, 934, 3)
(946, 1509, 935, 5)
(947, 791, 937, 3)
(948, 125, 941, 3)
(949, 891, 939, 7)
(950, 465, 941, 7)
(951, 1635, 940, 11)
(952, 195, 944, 11)
(953, 1393, 942, 3)
(954, 531, 944, 5)
(955, 641, 945, 3)
(956, 1899, 945, 7)
(957, 969, 947, 5)
(958, 1015, 948, 3)
(959, 3639, 947, 5)
(960, 193, 952, 3)
(961, 1633, 950, 3)
(962, 2527, 950, 3)
(963, 2889, 951, 5)
(964, 207, 956, 5)
(965, 393, 956, 7)
(966, 2769, 954, 5)
(967, 813, 957, 5)
(968, 113, 961, 3)
(969, 825, 959, 17)
(970, 1871, 959, 3)
(971, 127, 964, 3)
(972, 1205, 961, 3)
(973, 505, 964, 3)
(974, 129, 966, 5)
(975, 1143, 964, 7)
(976, 2601, 964, 5)
(977, 79, 970, 3)
(978, 101, 971, 3)
(979, 611, 969, 3)
(980, 1323, 969, 5)
(981, 1225, 970, 3)
(982, 495, 973, 17)
(983, 423, 974, 5)
(984, 567, 974, 13)
(985, 411, 976, 5)
(986, 1395, 975, 7)
(987, 1143, 976, 7)
(988, 407, 979, 3)
(989, 1407, 978, 13)
(990, 441, 981, 5)
(991, 75, 984, 7)
(992, 1425, 981, 7)
(993, 233, 985, 3)
(994, 901, 984, 3)
(995, 939, 985, 7)
(996, 231, 988, 5)
(997, 453, 988, 11)
(998, 1629, 987, 5)
(999, 2289, 987, 5)
(1000, 95, 993, 3)
(1001, 501, 992, 5)
(1002, 1461, 991, 11)
(1003, 439, 994, 3)
(1004, 13, 1000, 3)
(1005, 1329, 994, 5)
(1006, 3073, 994, 3)
(1007, 933, 997, 5)
(1008, 347, 999, 3)
(1009, 153, 1001, 5)
(1010, 363, 1001, 5)
(1011, 4323, 998, 5)
(1012, 429, 1003, 5)
(1013, 725, 1003, 3)
(1014, 567, 1004, 5)
(1015, 171, 1007, 7)
(1016, 525, 1006, 11)
(1017, 939, 1007, 5)
(1018, 393, 1009, 5)
(1019, 729, 1009, 7)
(1020, 1545, 1009, 17)
(1021, 165, 1013, 7)
(1022, 3025, 1010, 3)
(1023, 273, 1014, 5)
(1024, 1331, 1013, 3)
(1025, 75, 1018, 11)
(1026, 715, 1016, 3)
(1027, 93, 1020, 7)
(1028, 225, 1020, 11)
(1029, 755, 1019, 3)
(1030, 1191, 1019, 7)
(1031, 207, 1023, 5)
(1032, 2403, 1020, 7)
(1033, 725, 1023, 3)
(1034, 413, 1025, 3)
(1035, 611, 1025, 3)
(1036, 763, 1026, 3)
(1037, 277, 1028, 3)
(1038, 225, 1030, 7)
(1039, 1011, 1029, 5)
(1040, 177, 1032, 5)
(1041, 435, 1032, 13)
(1042, 1775, 1031, 3)
(1043, 1225, 1032, 3)
(1044, 1133, 1033, 3)
(1045, 471, 1036, 5)
(1046, 95, 1039, 3)
(1047, 1047, 1036, 5)
(1048, 255, 1040, 7)
(1049, 315, 1040, 11)
(1050, 345, 1041, 7)
(1051, 653, 1041, 3)
(1052, 113, 1045, 3)
(1053, 195, 1045, 7)
(1054, 291, 1045, 5)
(1055, 149, 1047, 3)
(1056, 1941, 1045, 5)
(1057, 735, 1047, 13)
(1058, 29, 1053, 3)
(1059, 615, 1049, 11)
(1060, 193, 1052, 3)
(1061, 75, 1054, 11)
(1062, 3153, 1050, 5)
(1063, 39, 1057, 11)
(1064, 381, 1055, 7)
(1065, 427, 1056, 3)
(1066, 1725, 1055, 7)
(1067, 1731, 1056, 5)
(1068, 1155, 1057, 19)
(1069, 301, 1060, 3)
(1070, 249, 1062, 5)
(1071, 367, 1062, 3)
(1072, 673, 1062, 3)
(1073, 4503, 1060, 7)
(1074, 453, 1065, 5)
(1075, 711, 1065, 5)
(1076, 1003, 1066, 3)
(1077, 2061, 1065, 5)
(1078, 193, 1070, 3)
(1079, 129, 1071, 5)
(1080, 2121, 1068, 5)
(1081, 27, 1076, 5)
(1082, 43, 1076, 3)
(1083, 319, 1074, 3)
(1084, 335, 1075, 3)
(1085, 2159, 1073, 3)
(1086, 675, 1076, 7)
(1087, 225, 1079, 7)
(1088, 1863, 1077, 5)
(1089, 427, 1080, 3)
(1090, 1047, 1079, 5)
(1091, 59, 1085, 3)
(1092, 2245, 1080, 3)
(1093, 1633, 1082, 3)
(1094, 465, 1085, 7)
(1095, 27, 1090, 7)
(1096, 335, 1087, 3)
(1097, 225, 1089, 13)
(1098, 1017, 1088, 5)
(1099, 1851, 1088, 5)
(1100, 133, 1092, 3)
(1101, 1717, 1090, 3)
(1102, 751, 1092, 3)
(1103, 2085, 1091, 11)
(1104, 261, 1095, 7)
(1105, 127, 1098, 3)
(1106, 1319, 1095, 3)
(1107, 273, 1098, 5)
(1108, 1989, 1097, 7)
(1109, 1597, 1098, 3)
(1110, 101, 1103, 3)
(1111, 581, 1101, 3)
(1112, 1361, 1101, 3)
(1113, 487, 1104, 3)
(1114, 1425, 1103, 7)
(1115, 295, 1106, 3)
(1116, 471, 1107, 7)
(1117, 93, 1110, 5)
(1118, 741, 1108, 5)
(1119, 2237, 1107, 3)
(1120, 225, 1112, 7)
(1121, 267, 1112, 5)
(1122, 119, 1115, 3)
(1123, 349, 1114, 3)
(1124, 365, 1115, 3)
(1125, 611, 1115, 3)
(1126, 931, 1116, 3)
(1127, 1765, 1116, 3)
(1128, 769, 1118, 3)
(1129, 621, 1119, 7)
(1130, 1757, 1119, 3)
(1131, 439, 1122, 3)
(1132, 151, 1124, 3)
(1133, 515, 1123, 3)
(1134, 1217, 1123, 3)
(1135, 959, 1125, 3)
(1136, 275, 1127, 3)
(1137, 1089, 1126, 5)
(1138, 335, 1129, 3)
(1139, 593, 1129, 3)
(1140, 375, 1131, 7)
(1141, 1527, 1130, 7)
(1142, 651, 1132, 5)
(1143, 1035, 1132, 7)
(1144, 2841, 1132, 5)
(1145, 255, 1137, 13)
(1146, 133, 1138, 3)
(1147, 1407, 1136, 5)
(1148, 753, 1138, 5)
(1149, 423, 1140, 11)
(1150, 393, 1141, 5)
(1151, 279, 1142, 5)
(1152, 1055, 1141, 3)
(1153, 427, 1144, 3)
(1154, 205, 1146, 3)
(1155, 67, 1148, 3)
(1156, 63, 1150, 5)
(1157, 621, 1147, 13)
(1158, 261, 1149, 5)
(1159, 1365, 1148, 19)
(1160, 419, 1151, 3)
(1161, 1377, 1150, 19)
(1162, 957, 1152, 5)
(1163, 385, 1154, 3)
(1164, 297, 1155, 5)
(1165, 647, 1155, 3)
(1166, 1961, 1155, 3)
(1167, 1035, 1156, 7)
(1168, 275, 1159, 3)
(1169, 215, 1161, 3)
(1170, 303, 1161, 5)
(1171, 2091, 1159, 11)
(1172, 649, 1162, 3)
(1173, 355, 1164, 3)
(1174, 393, 1165, 5)
(1175, 999, 1165, 19)
(1176, 299, 1167, 3)
(1177, 689, 1167, 3)
(1178, 279, 1169, 13)
(1179, 1297, 1168, 3)
(1180, 29, 1175, 3)
(1181, 1389, 1170, 5)
(1182, 667, 1172, 3)
(1183, 197, 1175, 3)
(1184, 933, 1174, 5)
(1185, 239, 1177, 3)
(1186, 955, 1176, 3)
(1187, 1071, 1176, 5)
(1188, 299, 1179, 3)
(1189, 987, 1179, 5)
(1190, 365, 1181, 3)
(1191, 603, 1181, 5)
(1192, 537, 1182, 7)
(1193, 567, 1183, 5)
(1194, 555, 1184, 17)
(1195, 185, 1187, 3)
(1196, 449, 1187, 3)
(1197, 225, 1189, 7)
(1198, 335, 1189, 3)
(1199, 1137, 1188, 5)
(1200, 299, 1191, 3)
(1201, 2315, 1189, 3)
(1202, 3213, 1190, 5)
(1203, 659, 1193, 3)
(1204, 253, 1196, 3)
(1205, 977, 1195, 3)
(1206, 309, 1197, 11)
(1207, 813, 1197, 5)
(1208, 49, 1202, 3)
(1209, 135, 1201, 7)
(1210, 897, 1200, 5)
(1211, 1717, 1200, 3)
(1212, 125, 1205, 3)
(1213, 1737, 1202, 7)
(1214, 503, 1205, 3)
(1215, 1197, 1204, 5)
(1216, 663, 1206, 5)
(1217, 1377, 1206, 7)
(1218, 1157, 1207, 3)
(1219, 3345, 1207, 7)
(1220, 317, 1211, 3)
(1221, 809, 1211, 3)
(1222, 3535, 1210, 3)
(1223, 505, 1214, 3)
(1224, 787, 1214, 3)
(1225, 255, 1217, 7)
(1226, 1391, 1215, 3)
(1227, 1341, 1216, 5)
(1228, 649, 1218, 3)
(1229, 403, 1220, 3)
(1230, 303, 1221, 5)
(1231, 659, 1221, 3)
(1232, 663, 1222, 5)
(1233, 1705, 1222, 3)
(1234, 341, 1225, 3)
(1235, 2909, 1223, 3)
(1236, 339, 1227, 5)
(1237, 929, 1227, 3)
(1238, 861, 1228, 5)
(1239, 1245, 1228, 7)
(1240, 359, 1231, 3)
(1241, 659, 1231, 3)
(1242, 861, 1232, 5)
(1243, 209, 1235, 3)
(1244, 855, 1234, 7)
(1245, 153, 1237, 5)
(1246, 37, 1240, 3)
(1247, 951, 1237, 5)
(1248, 223, 1240, 3)
(1249, 457, 1240, 3)
(1250, 1649, 1239, 3)
(1251, 19, 1246, 3)
(1252, 603, 1242, 5)
(1253, 445, 1244, 3)
(1254, 465, 1245, 17)
(1255, 533, 1245, 3)
(1256, 1103, 1245, 3)
(1257, 191, 1249, 3)
(1258, 1121, 1247, 3)
(1259, 465, 1250, 7)
(1260, 693, 1250, 5)
(1261, 155, 1253, 3)
(1262, 449, 1253, 3)
(1263, 903, 1253, 5)
(1264, 687, 1254, 17)
(1265, 659, 1255, 3)
(1266, 1565, 1255, 3)
(1267, 701, 1257, 3)
(1268, 287, 1259, 3)
(1269, 1297, 1258, 3)
(1270, 771, 1260, 5)
(1271, 385, 1262, 3)
(1272, 729, 1262, 5)
(1273, 231, 1265, 5)
(1274, 1179, 1263, 5)
(1275, 87, 1268, 5)
(1276, 2491, 1264, 3)
(1277, 1435, 1266, 3)
(1278, 195, 1270, 7)
(1279, 429, 1270, 5)
(1280, 595, 1270, 3)
(1281, 515, 1271, 3)
(1282, 281, 1273, 3)
(1283, 297, 1274, 7)
(1284, 339, 1275, 5)
(1285, 25, 1280, 3)
(1286, 125, 1279, 3)
(1287, 1233, 1276, 7)
(1288, 595, 1278, 3)
(1289, 1065, 1278, 11)
(1290, 807, 1280, 5)
(1291, 1051, 1280, 3)
(1292, 2475, 1280, 7)
(1293, 2621, 1281, 3)
(1294, 471, 1285, 5)
(1295, 207, 1287, 5)
(1296, 63, 1290, 5)
(1297, 183, 1289, 5)
(1298, 1209, 1287, 5)
(1299, 611, 1289, 3)
(1300, 261, 1291, 7)
(1301, 551, 1291, 3)
(1302, 263, 1293, 3)
(1303, 711, 1293, 5)
(1304, 859, 1294, 3)
(1305, 115, 1298, 3)
(1306, 273, 1297, 5)
(1307, 85, 1300, 3)
(1308, 639, 1298, 5)
(1309, 9, 1305, 7)
(1310, 199, 1302, 3)
(1311, 345, 1302, 7)
(1312, 619, 1302, 3)
(1313, 331, 1304, 3)
(1314, 841, 1304, 3)
(1315, 1815, 1304, 13)
(1316, 1599, 1305, 11)
(1317, 243, 1309, 5)
(1318, 57, 1312, 5)
(1319, 831, 1309, 5)
(1320, 1493, 1309, 3)
(1321, 1833, 1310, 5)
(1322, 315, 1313, 11)
(1323, 239, 1315, 3)
(1324, 65, 1317, 3)
(1325, 2561, 1313, 3)
(1326, 2703, 1314, 5)
(1327, 3819, 1315, 5)
(1328, 261, 1319, 13)
(1329, 233, 1321, 3)
(1330, 877, 1320, 3)
(1331, 779, 1321, 3)
(1332, 1065, 1321, 7)
(1333, 25, 1328, 3)
(1334, 339, 1325, 7)
(1335, 327, 1326, 7)
(1336, 663, 1326, 5)
(1337, 79, 1330, 3)
(1338, 1031, 1327, 3)
(1339, 635, 1329, 3)
(1340, 975, 1330, 7)
(1341, 1779, 1330, 5)
(1342, 1089, 1331, 5)
(1343, 1761, 1332, 5)
(1344, 1041, 1333, 5)
(1345, 185, 1337, 3)
(1346, 1311, 1335, 7)
(1347, 325, 1338, 3)
(1348, 321, 1339, 7)
(1349, 447, 1340, 5)
(1350, 1605, 1339, 7)
(1351, 1831, 1340, 3)
(1352, 269, 1343, 3)
(1353, 1087, 1342, 3)
(1354, 1271, 1343, 3)
(1355, 593, 1345, 3)
(1356, 201, 1348, 5)
(1357, 2225, 1345, 3)
(1358, 3607, 1346, 3)
(1359, 221, 1351, 3)
(1360, 281, 1351, 3)
(1361, 651, 1351, 17)
(1362, 715, 1352, 3)
(1363, 1407, 1352, 5)
(1364, 1211, 1353, 3)
(1365, 345, 1356, 7)
(1366, 745, 1356, 3)
(1367, 533, 1357, 3)
(1368, 315, 1359, 11)
(1369, 3441, 1357, 5)
(1370, 861, 1360, 5)
(1371, 277, 1362, 3)
(1372, 1749, 1361, 17)
(1373, 67, 1366, 3)
(1374, 145, 1366, 3)
(1375, 2519, 1363, 3)
(1376, 1109, 1365, 3)
(1377, 1285, 1366, 3)
(1378, 249, 1370, 5)
(1379, 363, 1370, 5)
(1380, 45, 1374, 11)
(1381, 2193, 1369, 5)
(1382, 645, 1372, 7)
(1383, 729, 1373, 7)
(1384, 477, 1375, 5)
(1385, 1143, 1374, 5)
(1386, 741, 1376, 5)
(1387, 701, 1377, 3)
(1388, 201, 1380, 5)
(1389, 989, 1379, 3)
(1390, 273, 1381, 5)
(1391, 81, 1384, 5)
(1392, 765, 1382, 13)
(1393, 4061, 1381, 3)
(1394, 429, 1385, 23)
(1395, 1273, 1384, 3)
(1396, 1071, 1385, 5)
(1397, 463, 1388, 3)
(1398, 1611, 1387, 7)
(1399, 1047, 1388, 5)
(1400, 497, 1391, 3)
(1401, 511, 1392, 3)
(1402, 843, 1392, 11)
(1403, 729, 1393, 7)
(1404, 799, 1394, 3)
(1405, 57, 1399, 5)
(1406, 345, 1397, 11)
(1407, 507, 1398, 29)
(1408, 907, 1398, 3)
(1409, 2625, 1397, 11)
(1410, 135, 1402, 7)
(1411, 1351, 1400, 3)
(1412, 975, 1402, 7)
(1413, 539, 1403, 3)
(1414, 363, 1405, 5)
(1415, 9, 1411, 5)
(1416, 211, 1408, 3)
(1417, 191, 1409, 3)
(1418, 125, 1411, 3)
(1419, 399, 1410, 5)
(1420, 2091, 1408, 5)
(1421, 2313, 1409, 5)
(1422, 1005, 1412, 7)
(1423, 117, 1416, 5)
(1424, 465, 1415, 7)
(1425, 165, 1417, 13)
(1426, 33, 1420, 19)
(1427, 127, 1420, 3)
(1428, 2045, 1417, 3)
(1429, 35, 1423, 3)
(1430, 751, 1420, 3)
(1431, 357, 1422, 11)
(1432, 1091, 1421, 3)
(1433, 1503, 1422, 5)
(1434, 431, 1425, 3)
(1435, 1683, 1424, 7)
(1436, 613, 1426, 3)
(1437, 1057, 1426, 3)
(1438, 583, 1428, 3)
(1439, 1183, 1428, 3)
(1440, 231, 1432, 5)
(1441, 941, 1431, 3)
(1442, 1781, 1431, 3)
(1443, 801, 1433, 5)
(1444, 1673, 1433, 3)
(1445, 1107, 1434, 19)
(1446, 793, 1436, 3)
(1447, 63, 1441, 5)
(1448, 381, 1439, 7)
(1449, 35, 1443, 3)
(1450, 393, 1441, 5)
(1451, 447, 1442, 11)
(1452, 1203, 1441, 5)
(1453, 189, 1445, 11)
(1454, 951, 1444, 5)
(1455, 379, 1446, 3)
(1456, 747, 1446, 7)
(1457, 69, 1450, 5)
(1458, 459, 1449, 7)
(1459, 255, 1451, 7)
(1460, 1865, 1449, 3)
(1461, 161, 1453, 3)
(1462, 207, 1454, 7)
(1463, 849, 1453, 7)
(1464, 223, 1456, 3)
(1465, 1395, 1454, 11)
(1466, 1271, 1455, 3)
(1467, 1287, 1456, 5)
(1468, 157, 1460, 3)
(1469, 221, 1461, 3)
(1470, 135, 1462, 7)
(1471, 1057, 1460, 3)
(1472, 3121, 1460, 3)
(1473, 2703, 1461, 5)
(1474, 345, 1465, 7)
(1475, 1503, 1464, 7)
(1476, 693, 1466, 5)
(1477, 2105, 1465, 3)
(1478, 169, 1470, 3)
(1479, 585, 1469, 7)
(1480, 847, 1470, 3)
(1481, 3021, 1469, 5)
(1482, 431, 1473, 3)
(1483, 605, 1473, 3)
(1484, 1505, 1473, 3)
(1485, 93, 1478, 5)
(1486, 169, 1478, 3)
(1487, 819, 1477, 17)
(1488, 583, 1478, 3)
(1489, 47, 1483, 3)
(1490, 229, 1482, 3)
(1491, 51, 1485, 5)
(1492, 429, 1483, 5)
(1493, 501, 1484, 5)
(1494, 741, 1484, 5)
(1495, 611, 1485, 3)
(1496, 1109, 1485, 3)
(1497, 2565, 1485, 11)
(1498, 9, 1494, 5)
(1499, 1125, 1488, 7)
(1500, 2607, 1488, 5)
(1501, 2805, 1489, 13)
(1502, 3543, 1490, 5)
(1503, 3581, 1491, 3)
(1504, 2125, 1492, 3)
(1505, 827, 1495, 3)
(1506, 1397, 1495, 3)
(1507, 1593, 1496, 7)
(1508, 655, 1498, 3)
(1509, 569, 1499, 3)
(1510, 1409, 1499, 3)
(1511, 1171, 1500, 3)
(1512, 753, 1502, 5)
(1513, 1833, 1502, 5)
(1514, 459, 1505, 7)
(1515, 1957, 1504, 3)
(1516, 253, 1508, 3)
(1517, 1569, 1506, 5)
(1518, 675, 1508, 7)
(1519, 179, 1511, 3)
(1520, 817, 1510, 3)
(1521, 659, 1511, 3)
(1522, 15, 1518, 11)
(1523, 499, 1514, 3)
(1524, 329, 1515, 3)
(1525, 855, 1515, 17)
(1526, 1215, 1515, 7)
(1527, 759, 1517, 7)
(1528, 429, 1519, 5)
(1529, 879, 1519, 5)
(1530, 2203, 1518, 3)
(1531, 135, 1523, 17)
(1532, 2503, 1520, 3)
(1533, 1159, 1522, 3)
(1534, 501, 1525, 5)
(1535, 641, 1525, 3)
(1536, 193, 1528, 3)
(1537, 21, 1532, 5)
(1538, 1547, 1527, 3)
(1539, 879, 1529, 7)
(1540, 165, 1532, 7)
(1541, 1039, 1530, 3)
(1542, 1449, 1531, 5)
(1543, 975, 1533, 7)
(1544, 89, 1537, 3)
(1545, 1549, 1534, 3)
(1546, 411, 1537, 5)
(1547, 3135, 1535, 13)
(1548, 113, 1541, 3)
(1549, 415, 1540, 3)
(1550, 293, 1541, 3)
(1551, 581, 1541, 3)
(1552, 537, 1542, 7)
(1553, 795, 1543, 29)
(1554, 1971, 1543, 11)
(1555, 3869, 1543, 3)
(1556, 979, 1546, 3)
(1557, 759, 1547, 5)
(1558, 345, 1549, 7)
(1559, 1687, 1548, 3)
(1560, 145, 1552, 3)
(1561, 3641, 1549, 3)
(1562, 291, 1553, 5)
(1563, 969, 1553, 7)
(1564, 347, 1555, 3)
(1565, 921, 1555, 13)
(1566, 1845, 1555, 17)
(1567, 1257, 1556, 5)
(1568, 497, 1559, 3)
(1569, 1467, 1558, 11)
(1570, 1589, 1559, 3)
(1571, 469, 1562, 3)
(1572, 207, 1564, 5)
(1573, 153, 1565, 5)
(1574, 491, 1565, 3)
(1575, 1185, 1564, 7)
(1576, 429, 1567, 5)
(1577, 345, 1568, 11)
(1578, 871, 1568, 3)
(1579, 1423, 1568, 3)
(1580, 799, 1570, 3)
(1581, 109, 1574, 3)
(1582, 303, 1573, 5)
(1583, 629, 1573, 3)
(1584, 615, 1574, 11)
(1585, 255, 1577, 7)
(1586, 513, 1576, 7)
(1587, 735, 1577, 29)
(1588, 411, 1579, 13)
(1589, 261, 1580, 5)
(1590, 1715, 1579, 3)
(1591, 1623, 1580, 11)
(1592, 371, 1583, 3)
(1593, 2075, 1581, 3)
(1594, 2275, 1582, 3)
(1595, 855, 1585, 7)
(1596, 133, 1588, 3)
(1597, 255, 1589, 7)
(1598, 189, 1590, 5)
(1599, 1383, 1588, 17)
(1600, 759, 1590, 5)
(1601, 1675, 1590, 3)
(1602, 1077, 1591, 5)
(1603, 3771, 1591, 11)
(1604, 3457, 1592, 3)
(1605, 1273, 1594, 3)
(1606, 263, 1597, 3)
(1607, 149, 1599, 3)
(1608, 39, 1602, 5)
(1609, 521, 1599, 3)
(1610, 733, 1600, 3)
(1611, 2115, 1599, 11)
(1612, 577, 1602, 3)
(1613, 1575, 1602, 17)
(1614, 189, 1606, 5)
(1615, 543, 1605, 5)
(1616, 371, 1607, 3)
(1617, 737, 1607, 3)
(1618, 21, 1613, 5)
(1619, 135, 1611, 7)
(1620, 243, 1612, 13)
(1621, 435, 1612, 7)
(1622, 75, 1615, 13)
(1623, 819, 1613, 11)
(1624, 99, 1617, 13)
(1625, 581, 1615, 3)
(1626, 1003, 1616, 3)
(1627, 417, 1618, 13)
(1628, 501, 1619, 7)
(1629, 659, 1619, 3)
(1630, 4929, 1617, 11)
(1631, 215, 1623, 3)
(1632, 709, 1622, 3)
(1633, 1555, 1622, 3)
(1634, 1055, 1623, 3)
(1635, 513, 1625, 5)
(1636, 33, 1630, 5)
(1637, 599, 1627, 3)
(1638, 65, 1631, 3)
(1639, 1695, 1628, 7)
(1640, 201, 1632, 5)
(1641, 2391, 1629, 5)
(1642, 757, 1632, 3)
(1643, 711, 1633, 5)
(1644, 3447, 1632, 5)
(1645, 25, 1640, 3)
(1646, 77, 1639, 3)
(1647, 2111, 1635, 3)
(1648, 1773, 1637, 5)
(1649, 1293, 1638, 5)
(1650, 163, 1642, 3)
(1651, 5583, 1638, 5)
(1652, 1731, 1641, 5)
(1653, 93, 1646, 5)
(1654, 1355, 1643, 3)
(1655, 1177, 1644, 3)
(1656, 1485, 1645, 7)
(1657, 719, 1647, 3)
(1658, 1941, 1647, 7)
(1659, 1345, 1648, 3)
(1660, 133, 1652, 3)
(1661, 1107, 1650, 11)
(1662, 483, 1653, 5)
(1663, 2385, 1651, 11)
(1664, 1605, 1653, 7)
(1665, 711, 1655, 7)
(1666, 2217, 1654, 13)
(1667, 1593, 1656, 7)
(1668, 2637, 1656, 5)
(1669, 1183, 1658, 3)
(1670, 1437, 1659, 5)
(1671, 53, 1665, 3)
(1672, 865, 1662, 3)
(1673, 1425, 1662, 7)
(1674, 303, 1665, 5)
(1675, 849, 1665, 7)
(1676, 431, 1667, 3)
(1677, 355, 1668, 3)
(1678, 2001, 1667, 13)
(1679, 6393, 1666, 5)
(1680, 211, 1672, 3)
(1681, 1437, 1670, 11)
(1682, 3093, 1670, 5)
(1683, 1255, 1672, 3)
(1684, 123, 1677, 5)
(1685, 2243, 1673, 3)
(1686, 661, 1676, 3)
(1687, 669, 1677, 7)
(1688, 793, 1678, 3)
(1689, 675, 1679, 7)
(1690, 921, 1680, 5)
(1691, 645, 1681, 7)
(1692, 2565, 1680, 13)
(1693, 5463, 1680, 11)
(1694, 1215, 1683, 7)
(1695, 783, 1685, 5)
(1696, 555, 1686, 7)
(1697, 4923, 1684, 7)
(1698, 299, 1689, 3)
(1699, 67, 1692, 3)
(1700, 365, 1691, 3)
(1701, 1713, 1690, 5)
(1702, 945, 1692, 11)
(1703, 641, 1693, 3)
(1704, 837, 1694, 7)
(1705, 1263, 1694, 5)
(1706, 3963, 1694, 5)
(1707, 1435, 1696, 3)
(1708, 705, 1698, 7)
(1709, 1645, 1698, 3)
(1710, 1475, 1699, 3)
(1711, 879, 1701, 7)
(1712, 37, 1706, 3)
(1713, 355, 1704, 3)
(1714, 837, 1704, 5)
(1715, 693, 1705, 5)
(1716, 1829, 1705, 3)
(1717, 239, 1709, 3)
(1718, 2893, 1706, 3)
(1719, 249, 1711, 5)
(1720, 1745, 1709, 3)
(1721, 447, 1712, 5)
(1722, 735, 1712, 17)
(1723, 191, 1715, 3)
(1724, 1859, 1713, 3)
(1725, 599, 1715, 3)
(1726, 501, 1717, 5)
(1727, 333, 1718, 5)
(1728, 879, 1718, 5)
(1729, 463, 1720, 3)
(1730, 359, 1721, 3)
(1731, 1593, 1720, 11)
(1732, 1841, 1721, 3)
(1733, 915, 1723, 11)
(1734, 435, 1725, 11)
(1735, 2207, 1723, 3)
(1736, 407, 1727, 3)
(1737, 545, 1727, 3)
(1738, 567, 1728, 5)
(1739, 147, 1731, 5)
(1740, 3937, 1728, 3)
(1741, 1899, 1730, 5)
(1742, 3163, 1730, 3)
(1743, 935, 1733, 3)
(1744, 65, 1737, 3)
(1745, 807, 1735, 5)
(1746, 453, 1737, 5)
(1747, 375, 1738, 13)
(1748, 1835, 1737, 3)
(1749, 645, 1739, 7)
(1750, 547, 1740, 3)
(1751, 403, 1742, 3)
(1752, 2385, 1740, 7)
(1753, 141, 1745, 5)
(1754, 303, 1745, 5)
(1755, 3155, 1743, 3)
(1756, 1311, 1745, 5)
(1757, 3275, 1745, 3)
(1758, 177, 1750, 7)
(1759, 337, 1750, 3)
(1760, 1751, 1749, 3)
(1761, 2615, 1749, 3)
(1762, 253, 1754, 3)
(1763, 2135, 1751, 3)
(1764, 517, 1754, 3)
(1765, 453, 1756, 11)
(1766, 247, 1758, 3)
(1767, 289, 1758, 3)
(1768, 151, 1760, 3)
(1769, 231, 1761, 5)
(1770, 745, 1760, 3)
(1771, 641, 1761, 3)
(1772, 1869, 1761, 11)
(1773, 79, 1766, 3)
(1774, 207, 1766, 7)
(1775, 611, 1765, 3)
(1776, 847, 1766, 3)
(1777, 385, 1768, 3)
(1778, 135, 1770, 7)
(1779, 1117, 1768, 3)
(1780, 287, 1771, 3)
(1781, 4257, 1768, 5)
(1782, 597, 1772, 5)
(1783, 1705, 1772, 3)
(1784, 157, 1776, 3)
(1785, 1353, 1774, 5)
(1786, 1401, 1775, 7)
(1787, 1617, 1776, 5)
(1788, 459, 1779, 5)
(1789, 67, 1782, 3)
(1790, 2787, 1778, 7)
(1791, 337, 1782, 3)
(1792, 467, 1783, 3)
(1793, 203, 1785, 3)
(1794, 853, 1784, 3)
(1795, 267, 1786, 7)
(1796, 321, 1787, 19)
(1797, 1549, 1786, 3)
(1798, 489, 1789, 7)
(1799, 2369, 1787, 3)
(1800, 807, 1790, 13)
(1801, 1779, 1790, 5)
(1802, 3553, 1790, 3)
(1803, 819, 1793, 11)
(1804, 455, 1795, 3)
(1805, 1059, 1794, 5)
(1806, 1395, 1795, 7)
(1807, 7, 1804, 3)
(1808, 1905, 1797, 29)
(1809, 233, 1801, 3)
(1810, 37, 1804, 3)
(1811, 1225, 1800, 3)
(1812, 193, 1804, 3)
(1813, 31, 1808, 3)
(1814, 933, 1804, 7)
(1815, 121, 1808, 3)
(1816, 425, 1807, 3)
(1817, 3713, 1805, 3)
(1818, 2145, 1806, 17)
(1819, 427, 1810, 3)
(1820, 133, 1812, 3)
(1821, 519, 1811, 5)
(1822, 663, 1812, 7)
(1823, 149, 1815, 3)
(1824, 247, 1816, 3)
(1825, 875, 1815, 3)
(1826, 657, 1816, 5)
(1827, 221, 1819, 3)
(1828, 3547, 1816, 3)
(1829, 471, 1820, 5)
(1830, 1365, 1819, 11)
(1831, 1303, 1820, 3)
(1832, 1359, 1821, 11)
(1833, 477, 1824, 5)
(1834, 57, 1828, 5)
(1835, 1375, 1824, 3)
(1836, 1649, 1825, 3)
(1837, 1099, 1826, 3)
(1838, 2193, 1826, 5)
(1839, 2831, 1827, 3)
(1840, 1529, 1829, 3)
(1841, 3009, 1829, 13)
(1842, 675, 1832, 7)
(1843, 2011, 1832, 3)
(1844, 255, 1836, 11)
(1845, 731, 1835, 3)
(1846, 471, 1837, 5)
(1847, 3075, 1835, 11)
(1848, 1353, 1837, 5)
(1849, 1149, 1838, 5)
(1850, 975, 1840, 7)
(1851, 3515, 1839, 3)
(1852, 919, 1842, 3)
(1853, 1113, 1842, 5)
(1854, 3403, 1842, 3)
(1855, 801, 1845, 5)
(1856, 95, 1849, 3)
(1857, 2343, 1845, 5)
(1858, 393, 1849, 5)
(1859, 891, 1849, 5)
(1860, 555, 1850, 11)
(1861, 1453, 1850, 3)
(1862, 1023, 1852, 7)
(1863, 201, 1855, 13)
(1864, 1235, 1853, 3)
(1865, 3761, 1853, 3)
(1866, 65, 1859, 3)
(1867, 1261, 1856, 3)
(1868, 3081, 1856, 5)
(1869, 189, 1861, 13)
(1870, 2385, 1858, 11)
(1871, 1365, 1860, 11)
(1872, 559, 1862, 3)
(1873, 725, 1863, 3)
(1874, 3763, 1862, 3)
(1875, 1383, 1864, 11)
(1876, 1961, 1865, 3)
(1877, 67, 1870, 3)
(1878, 3477, 1866, 7)
(1879, 989, 1869, 3)
(1880, 1415, 1869, 3)
(1881, 941, 1871, 3)
(1882, 1031, 1871, 3)
(1883, 989, 1873, 3)
(1884, 297, 1875, 5)
(1885, 627, 1875, 5)
(1886, 2583, 1874, 5)
(1887, 539, 1877, 3)
(1888, 1901, 1877, 3)
(1889, 4425, 1876, 7)
(1890, 1041, 1879, 11)
(1891, 2471, 1879, 3)
(1892, 3153, 1880, 7)
(1893, 1243, 1882, 3)
(1894, 957, 1884, 5)
(1895, 165, 1887, 7)
(1896, 993, 1886, 5)
(1897, 1087, 1886, 3)
(1898, 1349, 1887, 3)
(1899, 73, 1892, 3)
(1900, 1031, 1889, 3)
(1901, 1807, 1890, 3)
(1902, 125, 1895, 3)
(1903, 2829, 1891, 5)
(1904, 2761, 1892, 3)
(1905, 3833, 1893, 3)
(1906, 2073, 1894, 5)
(1907, 231, 1899, 23)
(1908, 235, 1900, 3)
(1909, 627, 1899, 5)
(1910, 37, 1904, 3)
(1911, 179, 1903, 3)
(1912, 1175, 1901, 3)
(1913, 737, 1903, 3)
(1914, 825, 1904, 17)
(1915, 3885, 1903, 11)
(1916, 9007, 1902, 3)
(1917, 2921, 1905, 3)
(1918, 1451, 1907, 3)
(1919, 789, 1909, 13)
(1920, 685, 1910, 3)
(1921, 707, 1911, 3)
(1922, 1017, 1912, 5)
(1923, 51, 1917, 5)
(1924, 65, 1917, 3)
(1925, 203, 1917, 3)
(1926, 2515, 1914, 3)
(1927, 1107, 1916, 5)
(1928, 89, 1921, 3)
(1929, 453, 1920, 7)
(1930, 4391, 1917, 3)
(1931, 135, 1923, 7)
(1932, 603, 1922, 5)
(1933, 3563, 1921, 3)
(1934, 187, 1926, 3)
(1935, 1147, 1924, 3)
(1936, 5045, 1923, 3)
(1937, 2085, 1925, 11)
(1938, 3165, 1926, 11)
(1939, 357, 1930, 11)
(1940, 5049, 1927, 5)
(1941, 295, 1932, 3)
(1942, 1905, 1931, 7)
(1943, 1213, 1932, 3)
(1944, 2205, 1932, 11)
(1945, 327, 1936, 5)
(1946, 3573, 1934, 5)
(1947, 231, 1939, 13)
(1948, 1733, 1937, 3)
(1949, 31, 1944, 3)
(1950, 5, 1947, 3)
(1951, 905, 1941, 3)
(1952, 757, 1942, 3)
(1953, 1677, 1942, 11)
(1954, 627, 1944, 5)
(1955, 3681, 1943, 11)
(1956, 2563, 1944, 3)
(1957, 2585, 1945, 3)
(1958, 6941, 1945, 3)
(1959, 283, 1950, 3)
(1960, 1245, 1949, 11)
(1961, 273, 1952, 23)
(1962, 1097, 1951, 3)
(1963, 1233, 1952, 7)
(1964, 1713, 1953, 5)
(1965, 1297, 1954, 3)
(1966, 23, 1961, 3)
(1967, 1641, 1956, 5)
(1968, 1383, 1957, 5)
(1969, 5343, 1956, 7)
(1970, 393, 1961, 5)
(1971, 933, 1961, 5)
(1972, 1779, 1961, 7)
(1973, 909, 1963, 5)
(1974, 21, 1969, 5)
(1975, 2011, 1964, 3)
(1976, 145, 1968, 3)
(1977, 2079, 1965, 19)
(1978, 169, 1970, 3)
(1979, 81, 1972, 5)
(1980, 2641, 1968, 3)
(1981, 73, 1974, 3)
(1982, 1055, 1971, 3)
(1983, 337, 1974, 3)
(1984, 1005, 1974, 7)
(1985, 415, 1976, 3)
(1986, 3153, 1974, 5)
(1987, 137, 1979, 3)
(1988, 705, 1978, 13)
(1989, 219, 1981, 7)
(1990, 2269, 1978, 3)
(1991, 2729, 1979, 3)
(1992, 375, 1983, 7)
(1993, 2037, 1982, 13)
(1994, 95, 1987, 3)
(1995, 1255, 1984, 3)
(1996, 341, 1987, 3)
(1997, 41, 1991, 3)
(1998, 951, 1988, 5)
(1999, 209, 1991, 3)
(2000, 1389, 1989, 11)
(2001, 165, 1993, 13)
(2002, 55, 1996, 3)
(2003, 191, 1995, 3)
(2004, 855, 1994, 7)
(2005, 447, 1996, 5)
(2006, 65, 1999, 3)
(2007, 2035, 1996, 3)
(2008, 1469, 1997, 3)
(2009, 1155, 1998, 17)
(2010, 1115, 1999, 3)
(2011, 1047, 2000, 5)
(2012, 999, 2002, 5)
(2013, 515, 2003, 3)
(2014, 1017, 2004, 5)
(2015, 915, 2005, 11)
(2016, 371, 2007, 3)
(2017, 2519, 2005, 3)
(2018, 3133, 2006, 3)
(2019, 1273, 2008, 3)
(2020, 459, 2011, 5)
(2021, 1905, 2010, 13)
(2022, 1961, 2011, 3)
(2023, 2415, 2011, 11)
(2024, 75, 2017, 13)
(2025, 1183, 2014, 3)
(2026, 1757, 2015, 3)
(2027, 1207, 2016, 3)
(2028, 2043, 2017, 5)
(2029, 939, 2019, 5)
(2030, 2575, 2018, 3)
(2031, 3669, 2019, 5)
(2032, 29, 2027, 3)
(2033, 97, 2026, 3)
(2034, 1227, 2023, 5)
(2035, 2309, 2023, 3)
(2036, 1911, 2025, 5)
(2037, 521, 2027, 3)
(2038, 3187, 2026, 3)
(2039, 93, 2032, 7)
(2040, 525, 2030, 13)
(2041, 109, 2034, 3)
(2042, 2139, 2030, 5)
(2043, 19, 2038, 3)
(2044, 207, 2036, 5)
(2045, 189, 2037, 17)
(2046, 2563, 2034, 3)
(2047, 1605, 2036, 17)
(2048, 1281, 2037, 5)
(2049, 4533, 2036, 7)
(2050, 2763, 2038, 5)
(2051, 1465, 2040, 3)
(2052, 1323, 2041, 5)
(2053, 203, 2045, 3)
(2054, 473, 2045, 3)
(2055, 1177, 2044, 3)
(2056, 835, 2046, 3)
(2057, 2891, 2045, 3)
(2058, 177, 2050, 7)
(2059, 533, 2049, 3)
(2060, 2577, 2048, 5)
(2061, 135, 2053, 7)
(2062, 2239, 2050, 3)
(2063, 7833, 2050, 5)
(2064, 2733, 2052, 11)
(2065, 605, 2055, 3)
(2066, 429, 2057, 31)
(2067, 1735, 2056, 3)
(2068, 2581, 2056, 3)
(2069, 403, 2060, 3)
(2070, 2049, 2058, 5)
(2071, 475, 2062, 3)
(2072, 729, 2062, 5)
(2073, 93, 2066, 5)
(2074, 261, 2065, 5)
(2075, 1453, 2064, 3)
(2076, 501, 2067, 7)
(2077, 639, 2067, 5)
(2078, 249, 2070, 5)
(2079, 393, 2070, 5)
(2080, 1469, 2069, 3)
(2081, 2549, 2069, 3)
(2082, 431, 2073, 3)
(2083, 5797, 2070, 3)
(2084, 1941, 2073, 5)
(2085, 1917, 2074, 7)
(2086, 3627, 2074, 7)
(2087, 2667, 2075, 5)
(2088, 2595, 2076, 7)
(2089, 1633, 2078, 3)
(2090, 1565, 2079, 3)
(2091, 1191, 2080, 5)
(2092, 3067, 2080, 3)
(2093, 471, 2084, 5)
(2094, 2403, 2082, 5)
(2095, 379, 2086, 3)
(2096, 733, 2086, 3)
(2097, 1593, 2086, 5)
(2098, 3127, 2086, 3)
(2099, 2657, 2087, 3)
(2100, 589, 2090, 3)
(2101, 1945, 2090, 3)
(2102, 775, 2092, 3)
