1 1
2 1
3 1
4 2
5 2
6 3
7 1
8 5
9 2
10 23
11 2
12 2
13 1
14 1
15 55
16 1
17 4
18 3
19 1
20 1
21 15
22 1
23 9
24 2
25 5
26 7
27 1
28 1
29 4
30 8
31 1
32 11
33 1
34 20
35 2
36 1
37 10
38 1
39 4
40 1
41 1
42 1
43 1
44 1
45 37
46 4
47 55
48 1
49 1
50 49
51 1
52 1
53 1
54 4
55 1
56 3
57 2
58 3
59 3
60 1
61 5
62 16
63 2
64 3
65 1
66 1
67 1
68 1
69 1
70 5
71 2
72 1
73 2
74 8
75 7
76 1
77 1
78 2
79 1
80 1
81 3
82 3
83 1
84 1
85 1
86 1
87 5
88 4
89 2
90 2
91 2
92 16
93 8
94 10
95 1
96 25
97 2
98 1
99 1
100 1
101 2
102 18
103 10
104 1
105 1
106 1
107 1
108 9
109 1
110 5
111 6
112 2
113 1
114 1
115 12
116 1
117 1
118 1
119 6
120 2
121 12
122 1
123 1
124 12
125 1
126 1
127 2
128 12
129 1
130 12
131 3
132 1
133 5
134 1
135 14
136 1
137 1
138 14
139 2
140 3
141 1
142 2
143 2
144 1
145 4
146 1
147 4
148 8
149 1
150 1
151 1
152 3
153 5
154 1
155 1
156 1
157 1
158 2
159 1
160 4
161 3
162 7
163 5
164 3
165 1
166 32
167 1
168 1
169 1
170 18
171 1
172 3
173 2
174 5
175 2
176 1
177 3
178 1
179 8
180 1
181 1
182 1
183 2
184 6
185 6
186 5
187 33
188 2
189 2
190 3
191 1
192 1
193 1
194 1
195 29
196 1
197 3
198 2
199 1
200 21
201 1
202 6
203 52
204 1
205 8
206 1
207 4
208 14
209 9
210 7
211 1
212 4
213 18
214 2
215 2
216 1
217 1
218 2
219 100
220 39
221 1
222 2
223 1
224 1
225 19
226 1
227 5
228 9
229 1
230 3
231 964
232 5
233 1
234 1
235 1
236 39
237 1
238 1
239 1
240 1
241 5
242 3
243 1
244 88
245 1
246 2
247 1
248 3
249 1
250 11
251 1
252 23
253 11
254 1
255 1
256 1
257 2
258 1
259 1
260 4
261 3
262 1
263 5
264 1
265 4
266 2
267 1
268 75
269 1
270 2
271 1
272 11
273 17
274 2
275 5
276 3
277 1
278 3
279 34
280 1
281 10
282 2
283 4
284 7
285 1
286 1
287 23
288 1
289 6
290 3
291 1
292 7
293 1
294 17
295 2
296 1
297 24
298 1
299 1
300 1
301 10
302 1
303 4
304 1
305 1
306 5
307 3
308 2
309 1
310 2
311 1
312 1
313 3
314 6
315 8
316 1
317 8
318 2
319 1
320 1
321 4
322 2
323 7
324 9
325 2
326 2
327 2
328 1
329 7
330 12
331 2436
332 1
333 2
334 1
335 9
336 10
337 1
338 5
339 1
340 3
341 1
342 2
343 1
344 2
345 3
346 1
347 1
348 3
349 1
350 4
351 6
352 1
353 2
354 1
355 2
356 2
357 1
358 2
359 1
360 1
361 3
362 46
363 31
364 196
365 4
366 1
367 1
368 3
369 11
370 1
371 3
372 14
373 1
374 1
375 3
376 2
377 20
378 1
379 3
380 6
381 3
382 85
383 1
384 7
385 1
386 9
387 4
388 5
389 2
390 1
391 1
392 78
393 1
394 4
395 4
396 2
397 6
398 6
399 2
400 4
401 8
402 4
403 5
404 1
405 1
406 11
407 1
408 2
409 1
410 5
411 13
412 2
413 1
414 3
415 4
416 2
417 7
418 5
419 2
420 2
421 1
422 2
423 10
424 1
425 163
426 1
427 3
428 1
429 1
430 1
431 2
432 1
433 1
434 2
435 1
436 6
437 30
438 1
439 2
440 2
441 13
442 1
443 1
444 2
445 1
446 2
447 1
448 1
449 1
450 3
451 2
452 5
453 1
454 5
455 3
456 1
457 3
458 1
459 3
460 2
461 36
462 1
463 1
464 1
465 1
466 9
467 7
468 1
469 28
470 2
471 1
472 1
473 5
474 1
475 11
476 10
477 3
478 1
479 2
480 1
481 1
482 2
483 19
484 2
485 5
486 5
487 1
488 4
489 1
490 1
491 2
492 1
493 5
494 3
495 10
496 3
497 3
498 1
499 1
500 8
501 3
502 5
503 1
504 10
505 22
506 10
507 7
508 1
509 2
510 1
511 1
512 69
513 6
514 1
515 10
516 7
517 4
518 1
519 1
520 1
521 2
522 1
523 7
524 3
525 6
526 1
527 8
528 1
529 3308
530 1
531 4
532 1
533 7
534 1
535 1
536 2
537 1
538 1
539 4
540 4
541 47
542 9
543 1
544 1
545 1
546 2
547 1
548 1
549 1
550 1
551 7
552 1
553 1
554 1
555 1
556 1
557 1
558 1
559 9
560 1
561 4
562 71
563 1
564 1
565 1
566 1
567 1
568 31
569 1
570 31
571 3
572 1
573 13
574 36
575 1
576 92
577 2
578 2
579 4
580 1
581 1
582 93
583 1
584 17
585 2
586 2
587 5
588 1
589 3
590 1
591 1
592 7
593 20
594 3
595 2
596 47
597 1
598 2
599 1
600 1
601 2
602 1
603 1
604 19
605 54
606 2
607 1
608 4
609 1
610 4
611 3
612 75
613 2
614 21
615 1
616 1
617 1
618 1
619 1
620 2
621 8
622 3
623 1
624 2
625 1
626 1
627 5
628 2
629 6
630 1
631 1
632 40
633 5
634 23
635 1
636 4
637 1
638 2
639 21
640 1
641 6
642 1
643 2
644 1
645 20
646 5
647 5
648 3
649 1
650 2
651 2
652 12
653 2
654 41
655 1
656 24
657 13
658 4
659 1
660 2
661 5
662 3
663 3
664 2
665 1
666 3
667 2
668 1
669 2
670 73
671 3
672 1
673 11
674 9
675 1
676 7
677 2
678 1
679 7
680 14
681 1
682 2
683 2
684 1
685 1
686 3
687 2
688 1
689 19
690 15
691 1
692 45
693 1
694 4
695 1
696 6
697 1
698 3
699 1
700 6
701 2
702 4
703 1
704 3
705 7
706 10
707 5
708 1
709 1
710 1
711 4
712 1
713 2
714 1
715 1
716 26
717 1
718 1
719 77
720 24
721 1
722 1
723 1
724 3
725 3
726 4
727 2
728 1
729 1
730 5
731 10
732 2
733 34
734 1
735 4
736 1
737 1
738 1
739 1
740 2
741 10
742 1
743 6
744 16
745 2
746 1
747 10
748 1
749 1
750 3
751 1
752 1
753 1
754 1
755 2
756 2
757 2
758 21
759 1
760 3
761 1
762 1
763 4
764 16
765 1
766 2
767 1
768 24
769 2
770 6
771 3
772 2
773 3
774 1
775 14
776 1
777 1
778 1
779 8
780 1
781 1
782 15
783 52
784 3
785 3
786 2
787 4
788 11
789 1
790 2
791 1
792 2
793 1
794 1
795 1
796 3
797 3
798 43
799 2
800 1
801 6
802 1
803 1
804 1
805 1
806 1
807 8
808 4
809 1
810 1
811 1
812 57
813 1
814 4
815 1
816 2
817 3
818 14
819 1
820 1
821 9
822 1
823 1
824 3
825 8
826 1
827 2
828 4
829 1
830 1
831 2
832 1
833 13
834 4
835 1
836 4
837 1
838 3
839 2
840 5
841 4
842 3
843 1
844 4
845 2
846 2
847 1
848 4
849 2
850 3
851 2
852 2
853 3
854 1
855 13
856 1
857 1
858 1
859 9
860 9
861 2
862 2
863 1
864 6
865 5
866 2
867 3
868 1
869 1
870 5
871 12
872 1
873 10
874 1
875 46
876 81
877 2
878 5
879 1
880 3
881 1
882 1
883 11
884 1
885 3
886 2
887 2
888 6
889 488
890 1
891 16
892 8
893 27
894 1
895 4
896 67
897 1
898 8
899 14
900 1
901 2
902 1
903 17
904 7
905 2
906 12
907 1
908 12
909 2
910 1
911 15
912 1
913 1
914 1
915 8
916 4
917 4
918 1
919 9
920 1
921 2
922 3
923 1
924 4
925 5
926 2
927 6
928 1
929 3
930 3
931 3
932 1
933 6
934 1
935 3
936 3
937 3
938 2
939 1
940 1
941 10
942 4
943 1
944 6
945 1
946 1
947 2
948 1
949 1
950 2
951 3
952 240
953 1
954 2
955 1
956 1
957 4
958 1
959 4
960 1
961 4
962 2
963 4
964 1
965 5
966 3
967 1
968 6
969 3
970 5
971 2
972 1
973 19
974 1
975 1
976 24
977 6
978 11
979 77
980 1
981 1
982 1
983 11
984 3
985 3
986 3
987 6
988 5
989 4
990 1
991 21
992 1
993 3
994 1
995 14
996 2
997 5
998 1
999 12
1000 1
1001 1
1002 1
1003 14
1004 1
1005 5
1006 4
1007 3
1008 2
1009 1
1010 3
1011 2
1012 2
1013 4
1014 3
1015 2
1016 6
1017 3
1018 1
1019 1
1020 2
1021 1
1022 4
1023 2
1024 1
1025 1
1026 8
1027 1
1028 8
1029 2
1030 1
1031 1
1032 1
1033 3
1034 9
1035 5
1036 1
1037 3
1038 10
1039 16
1040 5
1041 1
1042 2
1043 1
1044 29
1045 4
1046 2
1047 4
1048 1
1049 5
1050 1
1051 1
1052 1
1053 1
1054 2
1055 1
1056 3
1057 3
1058 1
1059 1
1060 1
1061 1
1062 2
1063 1
1064 3
1065 3
1066 1
1067 23
1068 1
1069 2
1070 2
1071 1
1072 6
1073 1
1074 2
1075 1
1076 3
1077 4
1078 19
1079 2
1080 2
1081 1
1082 3
1083 1
1084 9
1085 1
1086 1
1087 2
1088 5
1089 2
1090 2
1091 4
1092 7
1093 5
1094 7
1095 2
1096 1
1097 3
1098 89
1099 1
1100 2
1101 2
1102 4
1103 13
1104 1
1105 1
1106 8
1107 1
1108 1
1109 1
1110 1
1111 1
1112 3
1113 1
1114 1
1115 1
1116 6
1117 14
1118 1
1119 1
1120 8
1121 1
1122 35
1123 1
1124 2
1125 1
1126 3
1127 1
1128 1
1129 1
1130 41
1131 1
1132 3
1133 1
1134 6
1135 1
1136 15
1137 10
1138 1
1139 1
1140 1
1141 1
1142 271
1143 1
1144 1
1145 2
1146 3
1147 1
1148 2
1149 2
1150 1
1151 1
1152 1
1153 4
1154 1
1155 1
1156 1
1157 25
1158 8
1159 2
1160 2
1161 3
1162 1
1163 1
1164 1
1165 1
1166 1
1167 87
1168 1
1169 2
1170 1
1171 2
1172 33
1173 1
1174 3
1175 1
1176 1
1177 1
1178 21
1179 10
1180 3
1181 565
1182 10
1183 1
1184 18
1185 5
1186 2
1187 4
1188 2
1189 1
1190 1
1191 1
1192 2
1193 5
1194 1
1195 1
1196 1
1197 1
1198 2
1199 1
1200 9
1201 6
1202 12
1203 1
1204 7
1205 1
1206 1
1207 3
1208 18
1209 1
1210 2
1211 1
1212 3
1213 1
1214 3
1215 1
1216 2
1217 3
1218 3
1219 2
1220 1
1221 9
1222 2
1223 2
1224 1
1225 11
1226 6
1227 3
1228 5
1229 1
1230 1
1231 1
1232 34
1233 1
1234 7
1235 5
1236 7
1237 3
1238 1
1239 4
1240 1
1241 1
1242 1
1243 7
1244 4
1245 2
1246 4
1247 4
1248 3
1249 1
1250 1
1251 6
1252 3
1253 1
1254 1
1255 1
1256 1
1257 19
1258 1
1259 3
1260 2
1261 33
1262 1
1263 14
1264 3
1265 4
1266 3
1267 1
1268 3
1269 7
1270 90
1271 7
1272 9
1273 4
1274 10
1275 2
1276 8
1277 1
1278 2
1279 1
1280 139
1281 3
1282 7
1283 2
1284 1
1285 10
1286 11
1287 1
1288 91
1289 13
1290 1
1291 1
1292 3
1293 1
1294 3
1295 1
1296 1
1297 1
1298 1
1299 1
1300 13
1301 1
1302 8
1303 7
1304 3
1305 5
1306 75
1307 4
1308 1
1309 1
1310 1
1311 2
1312 3
1313 295
1314 1
1315 1
1316 2
1317 2
1318 1
1319 3
1320 1
1321 1
1322 1
1323 10
1324 6
1325 2
1326 1
1327 2
1328 1
1329 1
1330 6
1331 8
1332 3
1333 2
1334 1
1335 1
1336 1
1337 5
1338 4
1339 1
1340 3
1341 3
1342 2
1343 83
1344 5
1345 1
1346 16
1347 8
1348 343
1349 3
1350 1
1351 6
1352 2
1353 29
1354 1
1355 2
1356 3
1357 1
1358 6
1359 1
1360 2
1361 3
1362 1
1363 1
1364 1
1365 1
1366 8
1367 1
1368 16
1369 2
1370 1
1371 1
1372 1
1373 1
1374 1
1375 1
1376 2
1377 1
1378 2
1379 5
1380 2
1381 1
1382 2
1383 1
1384 5
1385 1
1386 3
1387 1
1388 4
1389 1
1390 4
1391 1
1392 2
1393 1
1394 2
1395 3
1396 1
1397 1
1398 2
1399 2
1400 70
1401 2
1402 1
1403 14
1404 1
1405 3
1406 1
1407 5
1408 5
1409 2
1410 1
1411 4
1412 4
1413 1
1414 3
1415 1
1416 1
1417 1
1418 3
1419 5
1420 1
1421 101
1422 7
1423 1
1424 1
1425 2
1426 2
1427 25
1428 1
1429 13
1430 1
1431 6
1432 1
1433 1
1434 2
1435 2
1436 2
1437 1
1438 1
1439 1
1440 1
1441 2
1442 3
1443 5
1444 1
1445 1
1446 2
1447 151
1448 2
1449 3
1450 5
1451 2
1452 2
1453 4
1454 1
1455 4
1456 1
1457 2
1458 1
1459 16
1460 1
1461 1
1462 9
1463 1
1464 4
1465 1
1466 6
1467 1
1468 1
1469 1
1470 1
1471 12
1472 33
1473 1
1474 5
1475 2
1476 28
1477 1
1478 1
1479 4
1480 1
1481 1
1482 12
1483 5
1484 94
1485 1
1486 1
1487 1
1488 6
1489 3
1490 1
1491 1
1492 1
1493 37
1494 2
1495 2
1496 3
1497 1
1498 12
1499 1
1500 1
1501 6
1502 1
1503 4
1504 1
1505 4
1506 3
1507 37
1508 6
1509 1
1510 3
1511 1
1512 3
1513 24
1514 3
1515 1
1516 2
1517 12
1518 22
1519 1
1520 39
1521 1
1522 4
1523 1
1524 1
1525 11
1526 1
1527 4
1528 1
1529 2
1530 2
1531 1
1532 1
1533 2
1534 1
1535 1
1536 1
1537 3
1538 1
1539 497
1540 1
1541 1
1542 1
1543 1
1544 2
1545 1
1546 5
1547 1
1548 4
1549 3
1550 1
1551 12
1552 1
1553 1
1554 1
1555 3
1556 6
1557 1
1558 1
1559 1
1560 1
1561 1
1562 11
1563 9
1564 10
1565 1
1566 5
1567 31
1568 1
1569 3
1570 3
1571 2
1572 1
1573 1
1574 8
1575 23
1576 2
1577 1
1578 1
1579 1
1580 1
1581 2
1582 30
1583 1
1584 1
1585 1
1586 1
1587 14
1588 1
1589 2
1590 2
1591 6
1592 16
1593 14
1594 2
1595 1
1596 2
1597 2
1598 1
1599 3
1600 1
1601 3
1602 4
1603 3
1604 1
1605 1192
1606 2
1607 1
1608 3
1609 1
1610 7
1611 2
1612 2
1613 11
1614 2
1615 1
1616 14
1617 2
1618 3
1619 1
1620 256
1621 1
1622 1
1623 1
1624 1
1625 1
1626 7
1627 1
1628 7
1629 4
1630 1
1631 1
1632 1
1633 2
1634 1
1635 1
1636 2
1637 1
1638 1
1639 2
1640 17
1641 1
1642 2
1643 1
1644 1
1645 6
1646 3
1647 2
1648 22
1649 2
1650 3
1651 1
1652 1
1653 3
1654 4
1655 2
1656 9
1657 2
1658 1
1659 11
1660 7
1661 1
1662 262
1663 1
1664 2
1665 1
1666 32
1667 1
1668 43
1669 1
1670 8
1671 1
1672 1
1673 1
1674 8
1675 6
1676 5
1677 1924
1678 1
1679 6
1680 1
1681 3
1682 3
1683 14
1684 1
1685 1
1686 11
1687 1
1688 1
1689 2
1690 1
1691 2
1692 2
1693 1
1694 1
1695 2
1696 1
1697 3
1698 1
1699 4
1700 1
1701 7
1702 1
1703 19
1704 3
1705 2
1706 1
1707 2
1708 1
1709 5
1710 4
1711 8
1712 2
1713 1
1714 5
1715 4
1716 4
1717 1
1718 1
1719 6
1720 2
1721 2
1722 1
1723 1
1724 4
1725 1
1726 1
1727 7
1728 9
1729 1
1730 1
1731 15
1732 3
1733 3
1734 2
1735 1
1736 1
1737 1
1738 4
1739 2
1740 1
1741 1
1742 2
1743 1
1744 1
1745 69
1746 5
1747 11
1748 2
1749 2
1750 4
1751 2
1752 56
1753 2
1754 4
1755 1
1756 2
1757 1
1758 3
1759 24
1760 10
1761 1
1762 2
1763 5
1764 5
1765 1
1766 4
1767 3
1768 1
1769 1
1770 1
1771 8
1772 2
1773 3
1774 2
1775 2
1776 1
1777 87
1778 8
1779 2
1780 1
1781 4
1782 1
1783 1
1784 1
1785 4
1786 1
1787 5
1788 1
1789 35
1790 2
1791 2
1792 35
1793 9
1794 1
1795 3
1796 2
1797 7
1798 1
1799 1
1800 23
1801 2
1802 1
1803 13
1804 1
1805 1
1806 3
1807 1
1808 1
1809 2
1810 1
1811 184
1812 8
1813 1
1814 1
1815 3
1816 4
1817 1
1818 9
1819 2
1820 6
1821 1
1822 44
1823 3
1824 11
1825 26
1826 1
1827 6
1828 3
1829 1
1830 1
1831 7
1832 4
1833 2
1834 1
1835 1
1836 1
1837 8
1838 28
1839 9
1840 4
1841 2
1842 2
1843 7
1844 1
1845 1
1846 2
1847 4
1848 1
1849 1
1850 3
1851 4
1852 2
1853 28
1854 5
1855 2
1856 1
1857 3
1858 6
1859 1
1860 50
1861 11
1862 1
1863 2
1864 2
1865 7
1866 2
1867 1
1868 1
1869 3
1870 2
1871 3
1872 1
1873 3
1874 1
1875 1
1876 9
1877 57
1878 2
1879 9
1880 1
1881 8
1882 1
1883 7
1884 49
1885 9
1886 2
1887 2
1888 9
1889 1
1890 1
1891 32
1892 3
1893 1
1894 1
1895 3
1896 1
1897 1
1898 1
1899 1
1900 1
1901 1
1902 4
1903 3
1904 1
1905 3
1906 1
1907 2
1908 1
1909 4
1910 1
1911 2
1912 2
1913 3
1914 2
1915 2
1916 1
1917 4
1918 10
1919 5
1920 2
1921 1
1922 15
1923 1
1924 7
1925 6
1926 4
1927 2
1928 2
1929 33
1930 1
1931 2
1932 2
1933 1
1934 2
1935 1
1936 3
1937 5
1938 1
1939 26
1940 6
1941 2
1942 2
1943 3
1944 4
1945 2
1946 1
1947 1
1948 2
1949 2
1950 2
1951 2
1952 2
1953 1
1954 9
1955 2
1956 1
1957 50
1958 3
1959 4
1960 1
1961 1
1962 22
1963 2
1964 13
1965 1
1966 4
1967 9
1968 2
1969 1
1970 7
1971 5
1972 1
1973 3
1974 2
1975 2
1976 3
1977 55
1978 1
1979 1
1980 9
1981 4
1982 1
1983 2
1984 1
1985 4
1986 3
1987 4
1988 3
1989 13
1990 1
1991 1
1992 2
1993 27
1994 3
1995 1
1996 6
1997 1
1998 1
1999 14
2000 7
2001 1
2002 1
2003 1
2004 1
2005 2
2006 1
2007 3
2008 2
2009 1
2010 1
2011 43
2012 1
2013 1
2014 2
2015 3
2016 1
2017 1
2018 6
2019 1
2020 1
2021 11
2022 1
2023 4
2024 8
2025 6
2026 1
2027 1
2028 1
2029 7
2030 1
2031 29
2032 3
2033 1
2034 13
2035 1
2036 33
2037 10
2038 1
2039 2
2040 5
2041 6
2042 5
2043 1
2044 4
2045 1
2046 7
2047 1
2048 4
2049 1
2050 1
2051 2
2052 1
2053 14
2054 1
2055 2
2056 2
2057 2
2058 1
2059 1
2060 3
2061 1
2062 2
2063 1
2064 5
2065 1
2066 33
2067 2
2068 1
2069 2
2070 1
2071 9
2072 1
2073 1
2074 2
2075 2
2076 2
2077 31
2078 3
2079 1
2080 1
2081 1
2082 3
2083 2
2084 1
2085 1
2086 3
2087 1
2088 1
2089 2
2090 5
2091 2
2092 11
2093 4
2094 2
2095 7
2096 1
2097 366
2098 3
2099 11
2100 1
2101 1
2102 1
2103 5
2104 1
2105 1
2106 1
2107 3
2108 4
2109 64
2110 1
2111 3
2112 1
2113 2
2114 1
2115 1
2116 2
2117 3
2118 1
2119 2
2120 2
2121 1
2122 1
2123 4
2124 1
2125 1
2126 10
2127 35
2128 1
2129 3
2130 1
2131 1
2132 26
2133 1
2134 20
2135 22
2136 2
2137 1
2138 4
2139 12
2140 2
2141 1
2142 1
2143 2
2144 7
2145 1
2146 1
2147 5
2148 1
2149 50
2150 1
2151 1
2152 2
2153 1
2154 2
2155 6
2156 1
2157 1
2158 3
2159 12
2160 1
2161 1
2162 2
2163 1
2164 1
2165 1
2166 19
2167 1
2168 2
2169 1
2170 19
2171 1
2172 1
2173 1
2174 3
2175 2
2176 2
2177 4
2178 1
2179 1
2180 5
2181 2
2182 13
2183 1
2184 5
2185 2
2186 4
2187 11
2188 1
2189 12
2190 3
2191 1
2192 30
2193 2
2194 5
2195 1
2196 1
2197 1
2198 1
2199 4
2200 1
2201 7
2202 1
2203 1
2204 5
2205 5
2206 1
2207 7
2208 3
2209 15
2210 1
2211 45
2212 1
2213 1
2214 5
2215 2
2216 1
2217 2
2218 1
2219 1
2220 6
2221 1
2222 10
2223 4
2224 3
2225 2
2226 1
2227 2
2228 2
2229 32
2230 1
2231 1
2232 6
2233 1
2234 4
2235 2
2236 2
2237 2
2238 2
2239 20
2240 16
2241 2
2242 1
2243 20
2244 1
2245 1
2246 5
2247 1
2248 9
2249 1
2250 1
2251 1
2252 1
2253 2
2254 1
2255 1
2256 1
2257 3
2258 1
2259 2
2260 5
2261 1
2262 1
2263 2
2264 4
2265 7
2266 15
2267 4
2268 14
2269 4
2270 2
2271 1
2272 21
2273 1
2274 20
2275 2
2276 35
2277 6
2278 1
2279 2
2280 2
2281 1
2282 21
2283 1
2284 11
2285 1
2286 2
2287 21
2288 1
2289 2
2290 1
2291 13
2292 1
2293 3
2294 6
2295 4
2296 2
2297 1
2298 2
2299 5
2300 7
2301 4
2302 1
2303 19
2304 1
2305 3
2306 4
2307 29
2308 10
2309 1
2310 1
2311 28
2312 1
2313 1
2314 1
2315 3
2316 5
2317 2
2318 1
2319 2
2320 2
2321 1
2322 2
2323 2
2324 9
2325 181
2326 1
2327 1
2328 3
2329 4
2330 1
2331 2
2332 1
2333 1
2334 1
2335 8
2336 1
2337 1
2338 1
2339 13
2340 2
2341 1
2342 1
2343 3
2344 2
2345 3
2346 2
2347 7
2348 3
2349 3
2350 1
2351 1
2352 31
2353 1
2354 1
2355 9
2356 4
2357 1
2358 2
2359 5
2360 5
2361 1
2362 2
2363 1
2364 1
2365 1
2366 1
2367 1
2368 4
2369 5
2370 4
2371 2
2372 2
2373 3
2374 26
2375 2
2376 4
2377 1
2378 4
2379 3
2380 37
2381 64
2382 2
2383 3
2384 2
2385 7
2386 1
2387 2
2388 2
2389 3
2390 1
2391 1
2392 1
2393 2
2394 1
2395 20
2396 1
2397 1
2398 1
2399 6
2400 3
2401 2
2402 2
2403 11
2404 1
2405 1
2406 2
2407 1
2408 1
2409 11
2410 1
2411 4
2412 4
2413 2
2414 1
2415 1
2416 1
2417 2
2418 1
2419 1
2420 5
2421 8
2422 10
2423 1
2424 2
2425 5
2426 1
2427 2
2428 1
2429 6
2430 5
2431 1
2432 1
2433 1
2434 5
2435 1
2436 1
2437 1
2438 1
2439 2
2440 60
2441 1
2442 3
2443 4
2444 6
2445 1
2446 17
2447 5
2448 4
2449 5
2450 2
2451 21
2452 1
2453 1
2454 6
2455 12
2456 1
2457 19
2458 1
2459 1
2460 11
2461 4
2462 1
2463 3
2464 4
2465 1
2466 5
2467 4
2468 2
2469 1
2470 1
2471 3
2472 3
2473 33
2474 1
2475 1
2476 5
2477 6
2478 2
2479 2
2480 8
2481 1
2482 7
2483 1
2484 1
2485 1
2486 4
2487 1
2488 1
2489 1
2490 48
2491 3
2492 1
2493 7
2494 4
2495 2
2496 1
2497 1
2498 2
2499 20
2500 1
2501 21
2502 1
2503 2
2504 2
2505 22
2506 2
2507 2
2508 1
2509 1
2510 3
2511 1
2512 5
2513 1
2514 1
2515 3
2516 2
2517 3
2518 1
2519 2
2520 1
2521 2
2522 9
2523 1
2524 99
2525 25
2526 1
2527 2
2528 11
2529 4
2530 1
2531 1
2532 2
2533 95
2534 1
2535 1
2536 2
2537 1
2538 6
2539 4
2540 2
2541 3
2542 1
2543 1
2544 1
2545 1
2546 1
2547 2
2548 1
2549 4
2550 3
2551 2
2552 1
2553 6
2554 2
2555 2
2556 7
2557 1
2558 1
2559 1
2560 1
2561 1
2562 7
2563 2
2564 182
2565 8
2566 1
2567 5
2568 4
2569 11
2570 1
2571 1
2572 1
2573 3
2574 1
2575 1
2576 11
2577 1
2578 5
2579 8
2580 1
2581 2
2582 1
2583 2
2584 11
2585 2
2586 1
2587 1
2588 2
2589 2
2590 2
2591 2
2592 2
2593 1
2594 7
2595 73
2596 1
2597 4
2598 1
2599 4
2600 3
2601 1
2602 9
2603 2
2604 1
2605 1
2606 4
2607 5
2608 2
2609 5
2610 5
2611 31
2612 1
2613 20
2614 1
2615 1
2616 6
2617 3
2618 3
2619 17
2620 5
2621 5
2622 1
2623 1
2624 1
2625 9
2626 3
2627 17
2628 1
2629 73
2630 1
2631 3
2632 1
2633 117
2634 2
2635 4
2636 1
2637 1
2638 13
2639 1
2640 1
2641 1
2642 1
2643 1
2644 7
2645 1
2646 3
2647 3
2648 1
2649 1
2650 1
2651 1
2652 61
2653 3
2654 3
2655 5
2656 5
2657 1
2658 1
2659 3
2660 5
2661 5
2662 3
2663 1
2664 1
2665 13
2666 1
2667 2
2668 1
2669 8
2670 1
2671 1
2672 5
2673 1
2674 2
2675 1
2676 2
2677 2
2678 7
2679 2
2680 1
2681 1
2682 6
2683 1
2684 1
2685 1
2686 8
2687 19
2688 1
2689 3
2690 5
2691 1
2692 4
2693 10
2694 6
2695 11
2696 3
2697 3
2698 1
2699 23
2700 1
2701 4
2702 1
2703 2
2704 1
2705 1
2706 3
2707 2
2708 4
2709 8
2710 1
2711 11
2712 9
2713 1
2714 4
2715 2
2716 1
2717 1
2718 2
2719 1
2720 1
2721 3
2722 1
2723 11
2724 4
2725 17
2726 1
2727 2
2728 1
2729 8
2730 2
2731 1
2732 1
2733 3
2734 5
2735 1
2736 2
2737 3
2738 1
2739 30
2740 4
2741 2
2742 8
2743 4
2744 1
2745 31
2746 1
2747 4
2748 1
2749 1
2750 6
2751 2
2752 1
2753 2
2754 4
2755 16
2756 7
2757 3
2758 17
2759 1
2760 1
2761 2
2762 1
2763 8
2764 2
2765 4878
2766 1
2767 20
2768 2
2769 3
2770 7
2771 1
2772 10
2773 1
2774 7
2775 1
2776 1
2777 2
2778 20
2779 1
2780 1
2781 1
2782 1
2783 6
2784 2
2785 11
2786 6
2787 2
2788 1
2789 2
2790 7
2791 1
2792 3
2793 8
2794 1
2795 1
2796 24
2797 1
2798 3
2799 2
2800 16
2801 1
2802 2
2803 1
2804 2
2805 2
2806 1
2807 2
2808 10
2809 1
2810 2
2811 2
2812 2
2813 1
2814 1
2815 1
2816 1
2817 6
2818 2
2819 6
2820 2
2821 2
2822 1
2823 1
2824 2
2825 3
2826 4
2827 2
2828 38
2829 1
2830 1
2831 5
2832 3
2833 1
2834 1
2835 3
2836 3
2837 8
2838 5
2839 19
2840 1
2841 8
2842 1
2843 202
2844 1
2845 1
2846 7
2847 18
2848 1
2849 2
2850 1
2851 1
2852 1
2853 3
2854 4
2855 1
2856 7
2857 1
2858 17
2859 3
2860 3
2861 1
2862 1
2863 9
2864 20
2865 2
2866 2
2867 2
2868 217
2869 32
2870 2
2871 2
2872 2
2873 4
2874 1
2875 2
2876 14
2877 3
2878 2
2879 3
2880 1
2881 4
2882 3
2883 13
2884 12
2885 3
2886 3
2887 1
2888 7
2889 1
2890 26
2891 1
2892 4
2893 4
2894 1
2895 1
2896 6
2897 2
2898 1
2899 1
2900 7
2901 4
2902 1
2903 1
2904 2
2905 1
2906 9
2907 3
2908 1
2909 3
2910 2
2911 1
2912 1
2913 4
2914 8
2915 2
2916 15
2917 2
2918 18
2919 5
2920 4
2921 13
2922 18
2923 2
2924 1
2925 3
2926 2
2927 82
2928 6
2929 1
2930 1
2931 7
2932 1
2933 1
2934 3
2935 3
2936 25
2937 1
2938 19
2939 1
2940 2
2941 1
2942 2
2943 1
2944 1
2945 2
2946 12
2947 8
2948 3
2949 1
2950 1
2951 1
2952 13
2953 1
2954 2
2955 1
2956 1
2957 8
2958 2
2959 3
2960 1
2961 2
2962 2
2963 1
2964 5
2965 3
2966 5
2967 1
2968 2
2969 6
2970 8
2971 1
2972 1
2973 18
2974 1
2975 1
2976 1
2977 1
2978 1
2979 2
2980 79
2981 3
2982 46
2983 1
2984 2
2985 1
2986 2
2987 2
2988 1
2989 3
2990 4
2991 1
2992 7
2993 4
2994 1
2995 1
2996 1
2997 7
2998 13
2999 1
3000 4
3001 17
3002 1
3003 50
3004 1
3005 1
3006 7
3007 1
3008 5
3009 2
3010 1
3011 8
3012 10
3013 1
3014 126
3015 3
3016 3
3017 1
3018 1
3019 3
3020 5
3021 1
3022 1
3023 2
3024 1
3025 1
3026 5
3027 3
3028 7
3029 1
3030 2
3031 127
3032 2
3033 41
3034 1
3035 1
3036 1
3037 4
3038 14
3039 92
3040 1
3041 1
3042 1
3043 5
3044 2
3045 14
3046 2
3047 1
3048 2
3049 6
3050 1
3051 297
3052 5
3053 5
3054 2
3055 18
3056 3
3057 1
3058 4
3059 2
3060 1
3061 9
3062 7
3063 4
3064 54
3065 3
3066 2
3067 1
3068 1
3069 1
3070 2
3071 13
3072 1
3073 3
3074 1
3075 1
3076 4
3077 5
3078 4
3079 1
3080 1
3081 7
3082 5
3083 1
3084 7
3085 6
3086 1
3087 5
3088 1
3089 2
3090 5
3091 1
3092 1
3093 1
3094 46
3095 2
3096 1
3097 1
3098 4
3099 1
3100 1
3101 4
3102 24
3103 1
3104 2
3105 8
3106 1
3107 2
3108 12
3109 1
3110 13
3111 1
3112 102
3113 2
3114 1
3115 3
3116 1
3117 1
3118 197
3119 2
3120 3
3121 2
3122 2
3123 1
3124 4
3125 2
3126 4
3127 2
3128 1
3129 1
3130 2
3131 1
3132 10
3133 1
3134 5
3135 1
3136 8
3137 1
3138 3
3139 3
3140 3
3141 1
3142 8
3143 2
3144 7
3145 2
3146 1
3147 1
3148 10
3149 4
3150 1
3151 2
3152 5
3153 1
3154 30
3155 20
3156 45
3157 1
3158 13
3159 5
3160 1
3161 1
3162 1
3163 1
3164 3
3165 11
3166 94
3167 3
3168 1
3169 2
3170 2
3171 8
3172 1
3173 34
3174 2
3175 3
3176 2
3177 1
3178 12
3179 1
3180 1
3181 5
3182 1
3183 9
3184 1
3185 15
3186 1
3187 6
3188 8
3189 2
3190 2
3191 2
3192 1
3193 179
3194 2
3195 5
3196 1
3197 1
3198 13
3199 3
3200 16
3201 1
3202 2
3203 1
3204 1
3205 1
3206 1
3207 1
3208 2
3209 7
3210 2
3211 3
3212 1
3213 2
3214 6
3215 1
3216 6
3217 1
3218 1
3219 1
3220 4
3221 1
3222 1
3223 1
3224 2
3225 1
3226 1
3227 1
3228 1
3229 1
3230 4
3231 1
3232 14
3233 1
3234 8
3235 2
3236 17
3237 1
3238 1
3239 3
3240 102
3241 2
3242 306
3243 14
3244 4
3245 1
3246 5
3247 1
3248 2
3249 11
3250 1
3251 2
3252 2
3253 1
3254 8
3255 2
3256 5
3257 8
3258 1
3259 2
3260 1
3261 1
3262 1
3263 22
3264 2
3265 2
3266 1
3267 18
3268 1
3269 3
3270 1
3271 1
3272 1
3273 7
3274 2
3275 14
3276 1
3277 2
3278 3
3279 4
3280 1
3281 2
3282 4
3283 2
3284 1
3285 1
3286 2
3287 5
3288 1
3289 2
3290 2
3291 3
3292 1
3293 1
3294 2
3295 1
3296 3
3297 1
3298 6
3299 1
3300 1
3301 1
3302 31
3303 3
3304 1
3305 1
3306 1
3307 1
3308 3
3309 2
3310 1
3311 4
3312 188
3313 1
3314 1
3315 85
3316 2
3317 1
3318 1
3319 10
3320 2
3321 2
3322 1
3323 88
3324 1
3325 10
3326 1
3327 1
3328 3
3329 3
3330 2
3331 1
3332 70
3333 2
3334 1
3335 2
3336 5
3337 4
3338 11
3339 2
3340 3
3341 8
3342 4
3343 1
3344 1
3345 1
3346 4
3347 2
3348 1
3349 1
3350 2
3351 3
3352 1
3353 3
3354 1
3355 1
3356 8
3357 1
3358 1
3359 1
3360 10
3361 8
3362 1
3363 11
3364 10
3365 1
3366 4
3367 1
3368 9
3369 1
3370 2
3371 8
3372 2
3373 30
3374 1
3375 140
3376 1
3377 1
3378 7
3379 2
3380 2
3381 1
3382 1
3383 5
3384 1
3385 1
3386 3
3387 4
3388 1
3389 1
3390 1
3391 3
3392 1
3393 3095
3394 5
3395 1
3396 4
3397 4
3398 3
3399 1
3400 15
3401 1
3402 9
3403 1
3404 1
3405 2
3406 1
3407 1
3408 2
3409 1
3410 4
3411 5
3412 1
3413 2
3414 317
3415 1
3416 2
3417 1
3418 5
3419 1
3420 2
3421 3
3422 2
3423 1
3424 2
3425 1
3426 7
3427 1
3428 1
3429 1
3430 18
3431 1
3432 7
3433 1
3434 1
3435 1
3436 1
3437 1
3438 3
3439 2
3440 3
3441 4
3442 4
3443 1
3444 1
3445 4
3446 1
3447 1
3448 3
3449 2
3450 1
3451 2
3452 6
3453 1
3454 9
3455 3
3456 6
3457 1
3458 6
3459 1
3460 9
3461 1
3462 3
3463 1
3464 2
3465 579
3466 2
3467 2
3468 11
3469 1
3470 10
3471 1
3472 3
3473 1
3474 10
3475 11
3476 66
3477 3
3478 1
3479 3
3480 2
3481 1
3482 41
3483 7
3484 1
3485 5
3486 882
3487 1
3488 3
3489 3
3490 1
3491 3
3492 3
3493 3
3494 1
3495 48
3496 41
3497 7
3498 1
3499 1
3500 4
3501 1
3502 3
3503 4
3504 2
3505 1
3506 9
3507 5
3508 2
3509 26
3510 1
3511 13
3512 1
3513 1
3514 18
3515 1
3516 1
3517 1
3518 1
3519 2
3520 8
3521 1
3522 2
3523 14
3524 1
3525 1
3526 1
3527 3
3528 1
3529 1
3530 1
3531 2
3532 1
3533 1
3534 23
3535 1
3536 1
3537 3
3538 3
3539 2
3540 1
3541 4
3542 2
3543 1
3544 1
3545 5
3546 1
3547 1
3548 4
3549 3
3550 1
3551 2
3552 1
3553 1
3554 1
3555 1
3556 1
3557 3
3558 3
3559 2
3560 9
3561 1
3562 2
3563 3
3564 1
3565 2
3566 3
3567 14
3568 4
3569 1
3570 23
3571 1
3572 1
3573 10
3574 1
3575 3
3576 2
3577 1
3578 1
3579 1
3580 12
3581 1
3582 9
3583 1
3584 1
3585 2
3586 486
3587 1
3588 2
3589 1
3590 6
3591 1
3592 1
3593 7
3594 10
3595 1
3596 1
3597 2
3598 1
3599 2
3600 5
3601 1
3602 3
3603 1
3604 3
3605 13
3606 1
3607 4
3608 1
3609 2
3610 5
3611 35
3612 1
3613 15
3614 46
3615 10
3616 18
3617 4
3618 6
3619 3
3620 5
3621 9
3622 17
3623 2
3624 2
3625 4
3626 1
3627 1
3628 1
3629 1
3630 1
3631 11
3632 68
3633 3
3634 9
3635 1
3636 1
3637 2
3638 2
3639 2
3640 13
3641 13
3642 2
3643 3
3644 4
3645 1
3646 1
3647 3
3648 1
3649 2
3650 1
3651 6
3652 3
3653 26
3654 3
3655 2
3656 2
3657 1
3658 1
3659 3
3660 1
3661 1
3662 22
3663 1
3664 5
3665 10
3666 3
3667 1
3668 1
3669 5
3670 13
3671 18
3672 1
3673 20
3674 1
3675 9
3676 2
3677 2
3678 2
3679 1
3680 1
3681 1
3682 2
3683 3
3684 2
3685 2
3686 1
3687 6
3688 2
3689 18
3690 1
3691 1
3692 1
3693 17
3694 1
3695 3
3696 1
3697 10
3698 1
3699 9
3700 4
3701 4
3702 1
3703 1
3704 2
3705 1
3706 1
3707 2
3708 11
3709 1
3710 2
3711 1
3712 221
3713 1
3714 1
3715 5
3716 8
3717 26
3718 2
3719 3
3720 6
3721 1
3722 4
3723 1
3724 3
3725 1
3726 3
3727 9
3728 5
3729 14
3730 1
3731 1
3732 1
3733 2
3734 1
3735 2
3736 1
3737 6
3738 2
3739 1
3740 49
3741 17
3742 2
3743 24
3744 2
3745 1
3746 2
3747 15
3748 1
3749 13
3750 1
3751 4
3752 2
3753 36
3754 1
3755 1
3756 3
3757 3
3758 4
3759 3
3760 4
3761 1
3762 1
3763 1
3764 2
3765 4
3766 5
3767 4
3768 14
3769 1
3770 3
3771 7
3772 1
3773 3
3774 13
3775 1
3776 1
3777 3
3778 12
3779 5
3780 1
3781 1
3782 1
3783 9
3784 2
3785 1
3786 6
3787 1
3788 1
3789 6
3790 2
3791 1
3792 3
3793 1
3794 3
3795 1
3796 1
3797 5
3798 1
3799 1
3800 1
3801 1
3802 1
3803 13
3804 1
3805 1
3806 1
3807 2
3808 10
3809 16
3810 85
3811 1
3812 3
3813 2
3814 17
3815 1
3816 6
3817 1
3818 4
3819 4
3820 39
3821 7
3822 1
3823 9
3824 1
3825 8
3826 1
3827 1
3828 4
3829 2
3830 2
3831 2
3832 1
3833 1
3834 1
3835 1
3836 1
3837 1
3838 6
3839 2
3840 2
3841 1
3842 12
3843 1
3844 1
3845 2
3846 1
3847 15
3848 1
3849 1
3850 1
3851 1
3852 47
3853 1
3854 3
3855 2
3856 3
3857 4
3858 1
3859 5
3860 1
3861 10
3862 1
3863 2
3864 1
3865 3
3866 20
3867 1
3868 15
3869 1
3870 8
3871 2
3872 1
3873 1943
3874 1
3875 5
3876 16
3877 2
3878 1
3879 41
3880 1
3881 4
3882 5
3883 1
3884 1
3885 1
3886 1
3887 138
3888 2
3889 1
3890 6
3891 1
3892 3
3893 1
3894 1
3895 1
3896 7
3897 2
3898 1
3899 1
3900 1
3901 84
3902 1
3903 3
3904 2
3905 3
3906 17
3907 1
3908 1
3909 2
3910 1
3911 1
3912 3
3913 7
3914 2
3915 2
3916 1
3917 1
3918 1
3919 1
3920 1
3921 2
3922 1
3923 1
3924 1
3925 1
3926 3
3927 1
3928 16
3929 1
3930 5
3931 3
3932 1
3933 11
3934 3
3935 2
3936 3
3937 1
3938 1
3939 2
3940 312
3941 2
3942 1
3943 60
3944 2
3945 2
3946 3
3947 1
3948 78
3949 2
3950 4
3951 2
3952 1
3953 3
3954 1
3955 3
3956 1
3957 3
3958 2
3959 13
3960 1
3961 6
3962 1
3963 7
3964 3
3965 1
3966 1
3967 8
3968 2
3969 1
3970 7
3971 1
3972 17
3973 1
3974 2
3975 11
3976 4
3977 4
3978 1
3979 2
3980 13
3981 4
3982 1
3983 7
3984 1
3985 2
3986 1
3987 5
3988 1
3989 580
3990 1
3991 3
3992 345
3993 3
3994 2
3995 18
3996 1
3997 7
3998 2
3999 2
4000 1
4001 1
4002 2
4003 39
4004 25
4005 3
4006 377
4007 1
4008 8
4009 41
4010 3
4011 1
4012 65
4013 2
4014 1
4015 8
4016 28
4017 5
4018 2
4019 2
4020 4
4021 7
4022 13
4023 1
4024 1
4025 1
4026 1
4027 2
4028 2
4029 1
4030 15
4031 3
4032 10
4033 1
4034 10
4035 1
4036 1
4037 1
4038 5
4039 4
4040 1
4041 6
4042 1
4043 3
4044 1
4045 1
4046 11
4047 3
4048 1
4049 76
4050 8
4051 1
4052 1
4053 69
4054 11
4055 6
4056 1
4057 13
4058 1
4059 1
4060 4
4061 1
4062 11
4063 4
4064 18
4065 5
4066 1
4067 62
4068 1
4069 1
4070 4
4071 1
4072 1
4073 1
4074 1
4075 1
4076 1
4077 16
4078 3
4079 1
4080 1
4081 1
4082 1
4083 1
4084 8
4085 2
4086 1
4087 1
4088 1
4089 2
4090 2
4091 2
4092 1
4093 1
4094 1
4095 1
4096 11
4097 1
4098 3
4099 3
4100 1
4101 15
4102 7
4103 2
4104 3
4105 1
4106 28
4107 1
4108 4
4109 19
4110 1
4111 1
4112 3
4113 1
4114 17
4115 134
4116 1
4117 15
4118 9
4119 9
4120 2
4121 1
4122 3
4123 2
4124 1053
4125 1
4126 4
4127 10
4128 24
4129 6
4130 1
4131 6
4132 1
4133 55
4134 2
4135 3
4136 1
4137 2
4138 5
4139 15
4140 3
4141 1
4142 1
4143 8
4144 2
4145 1
4146 3
4147 8
4148 1
4149 2
4150 6
4151 9
4152 1
4153 2
4154 3
4155 3
4156 1
4157 40
4158 1
4159 21
4160 3
4161 6
4162 1
4163 1
4164 1
4165 1
4166 53
4167 2
4168 61
4169 1
4170 2
4171 4
4172 18
4173 5
4174 8
4175 1
4176 11
4177 2
4178 24
4179 2
4180 10
4181 2
4182 3
4183 1
4184 38
4185 3
4186 1
4187 24
4188 1
4189 6
4190 1
4191 10
4192 2
4193 59
4194 1
4195 54
4196 7
4197 4
4198 1
4199 4
4200 2
4201 1
4202 166
4203 1
4204 2
4205 1
4206 5
4207 1
4208 1
4209 3
4210 1
4211 1
4212 2
4213 1
4214 203
4215 5
4216 3
4217 1
4218 2
4219 2
4220 4
4221 1
4222 7
4223 1
4224 1
4225 1
4226 61
4227 1
4228 137
4229 1
4230 1
4231 1
4232 5
4233 1
4234 3
4235 3
4236 3
4237 1
4238 4
4239 391
4240 1
4241 23
4242 2
4243 7
4244 7
4245 1
4246 32
4247 1
4248 1
4249 1
4250 195
4251 1
4252 4
4253 7
4254 2
4255 10
4256 2
4257 1
4258 2
4259 1
4260 1
4261 3
4262 1
4263 2
4264 1
4265 2
4266 3
4267 1
4268 2
4269 1
4270 1
4271 3
4272 2
4273 13
4274 5
4275 1
4276 2
4277 4
4278 1
4279 1
4280 2
4281 3
4282 2
4283 2
4284 2
4285 4
4286 14
4287 22
4288 1
4289 1
4290 5
4291 22
4292 2
4293 37
4294 2
4295 3
4296 4
4297 16
4298 2
4299 1
4300 1
4301 2
4302 1
4303 2
4304 2
4305 4
4306 1
4307 6
4308 4
4309 1
4310 1
4311 91
4312 44
4313 8228
4314 2
4315 1
4316 2
4317 3
4318 36
4319 11
4320 1
4321 2
4322 2
4323 2
4324 27
4325 1
4326 3
4327 9
4328 6
4329 1
4330 8
4331 7
4332 5
4333 6
4334 4
4335 1
4336 1
4337 1
4338 1
4339 4
4340 10
4341 22
4342 1
4343 5
4344 1
4345 4
4346 3
4347 8
4348 1
4349 2
4350 3
4351 2
4352 1
4353 24
4354 2
4355 2
4356 1
4357 1
4358 1
4359 4
4360 8
4361 1
4362 17
4363 1
4364 2
4365 7
4366 3
4367 1
4368 28
4369 1
4370 3
4371 1
4372 1
4373 2
4374 2
4375 1
4376 13
4377 1
4378 1
4379 2
4380 4
4381 14
4382 2
4383 1
4384 7
4385 2
4386 6
4387 2
4388 1
4389 1
4390 1
4391 2
4392 5
4393 5
4394 1
4395 1
4396 2
4397 1
4398 1
4399 1
4400 1
4401 1
4402 5
4403 1
4404 6
4405 7
4406 1
4407 1
4408 4
4409 3
4410 1
4411 1
4412 2
4413 2
4414 4
4415 1
4416 5
4417 1
4418 2
4419 2
4420 1
4421 7
4422 1
4423 12
4424 1
4425 1
4426 2
4427 2
4428 1
4429 1
4430 3
4431 1
4432 2
4433 3
4434 5
4435 1
4436 1
4437 3
4438 1
4439 4
4440 1
4441 1
4442 5
4443 19
4444 1
4445 67
4446 11
4447 1
4448 3
4449 123
4450 1
4451 10
4452 1
4453 17
4454 1
4455 1
4456 2
4457 2
4458 5
4459 13
4460 1
4461 1
4462 13
4463 1
4464 6
4465 2
4466 6
4467 3
4468 1
4469 1
4470 11
4471 1
4472 12
4473 1
4474 1
4475 3
4476 2
4477 1
4478 6
4479 3
4480 3
4481 1
4482 2
4483 1
4484 3
4485 2
4486 59
4487 1
4488 5
4489 1
4490 10
4491 6
4492 13
4493 1
4494 1
4495 1
4496 1
4497 27
4498 51
4499 6
4500 1
4501 1
4502 14
4503 3
4504 1
4505 5
4506 2
4507 1
4508 2
4509 3
4510 17
4511 1
4512 1
4513 1
4514 10
4515 1
4516 2
4517 1
4518 13
4519 2
4520 4
4521 2
4522 44
4523 2
4524 1
4525 3
4526 4
4527 1
4528 2
4529 4
4530 4
4531 1
4532 1
4533 2
4534 10
4535 16
4536 1
4537 5
4538 35
4539 1
4540 18
4541 2
4542 9
4543 42
4544 1
4545 1
4546 11
4547 105
4548 3
4549 1
4550 1
4551 6
4552 6
4553 1
4554 24
4555 7
4556 1
4557 12
4558 25
4559 1
4560 4
4561 142
4562 1
4563 1
4564 2
4565 1
4566 1
4567 1
4568 3
4569 9
4570 3
4571 1
4572 2
4573 1
4574 6
4575 2
4576 5
4577 2
4578 16
4579 22
4580 4
4581 2
4582 3
4583 5
4584 1
4585 30
4586 1
4587 7
4588 1
4589 3
4590 1
4591 4
4592 1
4593 1
4594 16
4595 1
4596 3
4597 1
4598 10
4599 4
4600 2
4601 1
4602 16
4603 7
4604 2
4605 3
4606 2
4607 5
4608 2
4609 5
4610 1
4611 1
4612 7
4613 1
4614 7
4615 1
4616 42
4617 2
4618 1
4619 6
4620 3
4621 1
4622 12
4623 1
4624 1
4625 2
4626 1
4627 1
4628 3
4629 13
4630 1
4631 1
4632 1
4633 2
4634 3
4635 1
4636 2
4637 1
4638 1
4639 3
4640 1
4641 105
4642 6
4643 2
4644 2
4645 4
4646 1
4647 2
4648 5
4649 2
4650 2
4651 1
4652 10
4653 6
4654 3
4655 2
4656 2
4657 1
4658 1
4659 1
4660 3
4661 1
4662 2
4663 1
4664 3
4665 4
4666 4
4667 6
4668 2
4669 1
4670 1
4671 1
4672 1
4673 1
4674 2
4675 208
4676 1
4677 1
4678 2
4679 3
4680 3
4681 1
4682 1
4683 7
4684 1
4685 1
4686 1
4687 1
4688 24
4689 1
4690 1
4691 1
4692 2
4693 8
4694 4
4695 207
4696 1
4697 1
4698 2
4699 11
4700 3
4701 4
4702 1
4703 8
4704 4
4705 8
4706 19
4707 2
4708 7
4709 1
4710 9
4711 3
4712 1
4713 2
4714 15
4715 186
4716 1
4717 5
4718 2
4719 9
4720 15
4721 1
4722 2
4723 12
4724 22
4725 1
4726 7
4727 10
4728 7
4729 1
4730 9
4731 4
4732 2
4733 3
4734 1
4735 1
4736 11
4737 2
4738 2
4739 6
4740 1
4741 2
4742 2
4743 1
4744 6
4745 1
4746 5
4747 2
4748 862
4749 2
4750 1
4751 1
4752 1
4753 3
4754 6
4755 1
4756 3
4757 31
4758 1
4759 1
4760 1
4761 1026
4762 2
4763 1
4764 1
4765 2
4766 4
4767 3
4768 1
4769 1
4770 1
4771 3
4772 2
4773 49
4774 3
4775 1285
4776 2
4777 2
4778 2
4779 4
4780 2
4781 3
4782 2
4783 1
4784 1
4785 12
4786 9
4787 5
4788 2
4789 6
4790 47
4791 1
4792 11
4793 1
4794 28
4795 1
4796 5
4797 11
4798 65
4799 4
4800 1
4801 30
4802 1
4803 1
4804 1
4805 1
4806 6
4807 1
4808 21
4809 4
4810 1
4811 1
4812 1
4813 1
4814 2
4815 3
4816 10
4817 1
4818 2
4819 1
4820 1
4821 36
4822 1
4823 30
4824 164
4825 2
4826 2
4827 1
4828 1
4829 6
4830 3
4831 1
4832 3
4833 1
4834 12
4835 3
4836 4
4837 2
4838 10
4839 2
4840 3
4841 1
4842 3
4843 5
4844 2
4845 1
4846 12
4847 10
4848 1
4849 2
4850 10
4851 4
4852 2
4853 1
4854 2
4855 1
4856 1
4857 1
4858 20
4859 3
4860 3
4861 1
4862 1
4863 1
4864 2
4865 1
4866 3
4867 3
4868 2
4869 1
4870 1
4871 1
4872 2
4873 4
4874 1
4875 1
4876 1
4877 5
4878 33
4879 1
4880 2
4881 1
4882 7
4883 1
4884 3
4885 2
4886 1
4887 7
4888 1
4889 24
4890 2
4891 1
4892 1
4893 1
4894 2
4895 1
4896 4
4897 2
4898 1
4899 1
4900 70
4901 2
4902 1
4903 858
4904 1
4905 3
4906 2
4907 2
4908 5
4909 4
4910 3
4911 4
4912 2
4913 2
4914 1
4915 6
4916 2
4917 1
4918 1
4919 3
4920 1
4921 1
4922 2
4923 1
4924 1
4925 8
4926 1
4927 125
4928 8
4929 1
4930 1
4931 16
4932 1
4933 2
4934 2
4935 1
4936 23
4937 1
4938 2
4939 2
4940 2
4941 1
4942 2
4943 1
4944 1
4945 1
4946 1
4947 4
4948 1
4949 3
4950 2
4951 1
4952 8
4953 1
4954 3
4955 1
4956 1
4957 11
4958 2
4959 8
4960 3
4961 1
4962 14
4963 1
4964 1
4965 1
4966 1
4967 1
4968 1
4969 1
4970 1
4971 42
4972 3
4973 14
4974 2
4975 1
4976 1
4977 2
4978 2
4979 1
4980 2
4981 1
4982 2
4983 2
4984 1
4985 1
4986 1
4987 15
4988 1
4989 2
4990 3
4991 1
4992 6
4993 1
4994 4
4995 1
4996 27
4997 1
4998 2
4999 7
5000 2
5001 4
5002 1
5003 4
5004 3
5005 6
5006 1
5007 2
5008 2
5009 3
5010 1
5011 1
5012 5
5013 5
5014 3
5015 1
5016 1
5017 1
5018 3
5019 1
5020 9
5021 4
5022 2
5023 4
5024 2
5025 1
5026 4
5027 1
5028 5
5029 1
5030 3
5031 2
5032 12
5033 5
5034 1
5035 2
5036 2
5037 38
5038 1
5039 6
5040 10
5041 6
5042 2
5043 3
5044 1
5045 1
5046 3
5047 2
5048 5
5049 26
5050 1
5051 1
5052 3
5053 4
5054 2
5055 2
5056 8
5057 1
5058 21
5059 1
5060 1
5061 1
5062 29
5063 3
5064 2
5065 6
5066 5
5067 1
5068 3
5069 6
5070 3
5071 6
5072 1
5073 1
5074 1
5075 10
5076 4
5077 1
5078 6
5079 6
5080 7
5081 1
5082 1
5083 3
5084 4
5085 2
5086 4
5087 1
5088 2
5089 6
5090 1
5091 2
5092 39
5093 3
5094 2
5095 1
5096 1
5097 1
5098 15
5099 1
5100 1
5101 5
5102 1
5103 11
5104 4
5105 10
5106 1
5107 2
5108 1
5109 2
5110 2
5111 1
5112 5
5113 2
5114 135
5115 997
5116 7
5117 1
5118 1
5119 9
5120 1
5121 5
5122 12
5123 1
5124 2
5125 1
5126 1
5127 12
5128 5
5129 1
5130 8
5131 1
5132 3
5133 15
5134 3
5135 1
5136 7
5137 3
5138 2
5139 10
5140 1
5141 3
5142 37
5143 19
5144 1
5145 6
5146 1
5147 1
5148 5
5149 17
5150 1
5151 4
5152 1
5153 7
5154 1
5155 1
5156 1
5157 132
5158 5
5159 3
5160 3
5161 3
5162 2
5163 1
5164 1
5165 3
5166 1
5167 4
5168 5
5169 223
5170 6
5171 1
5172 8
5173 1
5174 1
5175 2
5176 1
5177 7
5178 1
5179 1
5180 1
5181 1
5182 5
5183 4
5184 1
5185 1
5186 39
5187 1
5188 1
5189 77
5190 2
5191 13
5192 6
5193 1
5194 1
5195 1
5196 1
5197 4
5198 1
5199 4
5200 1
5201 1
5202 2
5203 1
5204 50
5205 5
5206 1
5207 32
5208 7
5209 2
5210 1
5211 1
5212 11
5213 7
5214 7
5215 1
5216 7
5217 2
5218 1
5219 34
5220 1
5221 2
5222 23
5223 4
5224 8
5225 1
5226 2
5227 2
5228 2
5229 1
5230 1
5231 12
5232 1
5233 23
5234 3
5235 38
5236 1
5237 9
5238 1
5239 1
5240 1
5241 1
5242 1
5243 1
5244 1
5245 5
5246 1
5247 1
5248 2
5249 50
5250 2
5251 3
5252 1
5253 5
5254 2
5255 13
5256 3
5257 2
5258 2
5259 2
5260 1
5261 3
5262 7
5263 1
5264 2
5265 1
5266 15
5267 1
5268 1
5269 2
5270 1
5271 7
5272 1
5273 1
5274 5
5275 1
5276 1
5277 7
5278 15
5279 5
5280 1
5281 5
5282 1
5283 1
5284 2
5285 6
5286 1
5287 6
5288 127
5289 2
5290 9
5291 3
5292 6
5293 1
5294 5
5295 1
5296 1
5297 11
5298 1
5299 43
5300 4
5301 2
5302 116
5303 16
5304 1
5305 1
5306 2
5307 22
5308 1
5309 38
5310 1
5311 2
5312 2
5313 1
5314 1
5315 1
5316 2
5317 2
5318 2
5319 2
5320 1
5321 2
5322 2
5323 1
5324 1
5325 13
5326 4
5327 5
5328 1
5329 18
5330 1
5331 9
5332 1
5333 4
5334 3
5335 1
5336 1
5337 1
5338 1
5339 2
5340 6
5341 2
5342 1
5343 1
5344 3
5345 2
5346 1
5347 3
5348 69
5349 1
5350 387
5351 4
5352 7
5353 3
5354 1
5355 1
5356 2
5357 1
5358 1
5359 5
5360 1
5361 2
5362 4
5363 3
5364 2
5365 1
5366 23
5367 1
5368 1
5369 3
5370 1
5371 17
5372 1
5373 1
5374 4
5375 2
5376 5
5377 2
5378 1
5379 13
5380 7
5381 1
5382 2
5383 1
5384 1
5385 1
5386 2
5387 1
5388 1
5389 10
5390 2
5391 1
5392 11
5393 1
5394 5
5395 4
5396 2
5397 2
5398 20
5399 5
5400 1
5401 14
5402 2
5403 1
5404 1
5405 6
5406 1
5407 1
5408 1
5409 10
5410 1
5411 2
5412 4
5413 1
5414 30
5415 16
5416 2
5417 8
5418 1
5419 3
5420 6
5421 3
5422 1
5423 41
5424 86
5425 21
5426 4
5427 2
5428 1
5429 2
5430 7
5431 1
5432 325
5433 4
5434 1
5435 2
5436 1
5437 2
5438 1
5439 1
5440 1
5441 2
5442 7
5443 1
5444 1
5445 2
5446 8
5447 2
5448 1
5449 3
5450 7
5451 2
5452 1
5453 2
5454 1
5455 22
5456 3
5457 1
5458 2
5459 1
5460 1
5461 5
5462 16
5463 1
5464 8
5465 1
5466 1
5467 2
5468 6
5469 1
5470 1
5471 73
5472 86
5473 1
5474 2
5475 2
5476 1
5477 2
5478 32
5479 1
5480 1
5481 8
5482 1
5483 3
5484 1
5485 1
5486 1
5487 2
5488 1
5489 5
5490 1
5491 4
5492 2
5493 2
5494 1
5495 6
5496 3
5497 6
5498 1
5499 1
5500 6
5501 4
5502 2
5503 13
5504 1
5505 6
5506 14
5507 1
5508 1
5509 10
5510 1
5511 7
5512 3
5513 20
5514 2
5515 1
5516 1
5517 1
5518 10
5519 2
5520 1
5521 2
5522 9
5523 1
5524 2
5525 5
5526 1
5527 3
5528 3
5529 1
5530 1
5531 6
5532 2
5533 4
5534 1
5535 15
5536 1
5537 2
5538 18
5539 5
5540 2
5541 2
5542 1
5543 1
5544 3
5545 1
5546 1
5547 2
5548 2
5549 1
5550 1
5551 2
5552 1
5553 86
5554 1
5555 1
5556 6
5557 2
5558 4
5559 4
5560 5
5561 1
5562 3
5563 1
5564 2
5565 1
5566 3
5567 8
5568 6
5569 2
5570 1
5571 1
5572 9
5573 1
5574 1
5575 12
5576 1
5577 1
5578 33
5579 1
5580 2
5581 1
5582 3
5583 1
5584 1
5585 1
5586 3
5587 1
5588 16
5589 1
5590 4
5591 2
5592 1
5593 14
5594 2
5595 48
5596 1
5597 1
5598 3
5599 1
5600 1
5601 1
5602 2
5603 1
5604 2
5605 9
5606 11
5607 2
5608 1
5609 2
5610 6
5611 2
5612 1
5613 3
5614 1
5615 10
5616 1
5617 14
5618 2
5619 6
5620 8
5621 41
5622 1
5623 1
5624 5
5625 21
5626 2
5627 59
5628 1
5629 23
5630 1
5631 1
5632 1
5633 2
5634 6
5635 2
5636 13
5637 1
5638 5
5639 2
5640 10
5641 5
5642 2
5643 2
5644 1
5645 7
5646 1
5647 1
5648 1
5649 1
5650 3
5651 5
5652 2
5653 1
5654 12
5655 1
5656 1
5657 13
5658 1
5659 1
5660 2
5661 2
5662 3
5663 2
5664 1
5665 1
5666 1
5667 4
5668 4
5669 4
5670 1
5671 2
5672 15
5673 2
5674 2
5675 1
5676 1
5677 5
5678 23
5679 1
5680 3
5681 4
5682 61
5683 1
5684 8
5685 4
5686 6
5687 77
5688 1
5689 1
5690 3
5691 2
5692 1
5693 4
5694 1
5695 50
5696 1
5697 51
5698 2
5699 7
5700 896
5701 20
5702 1
5703 23
5704 12
5705 1
5706 1
5707 1
5708 1
5709 42
5710 38
5711 2
5712 1
5713 1
5714 11
5715 1
5716 18
5717 4
5718 10
5719 7
5720 23
5721 13
5722 4
5723 1
5724 1
5725 1
5726 14
5727 1
5728 8
5729 140
5730 1
5731 2
5732 45
5733 2
5734 1
5735 2
5736 10
5737 11
5738 1
5739 2
5740 2
5741 13
5742 9
5743 1
5744 359
5745 1
5746 1
5747 1
5748 12
5749 3
5750 2
5751 1
5752 3
5753 1
5754 49
5755 11
5756 2
5757 2
5758 2
5759 8
5760 2
5761 2
5762 1
5763 1
5764 1
5765 1
5766 1
5767 21
5768 1
5769 16
5770 2
5771 4
5772 1
5773 1
5774 1
5775 2
5776 2
5777 2
5778 1
5779 1
5780 4
5781 2
5782 2
5783 1
5784 3
5785 1
5786 43
5787 1
5788 1
5789 1
5790 4
5791 1
5792 8
5793 2
5794 5
5795 1
5796 4
5797 1
5798 3
5799 4
5800 14
5801 17
5802 3
5803 1
5804 1
5805 1
5806 1
5807 7
5808 5
5809 1
5810 11
5811 18
5812 3
5813 1
5814 9
5815 2
5816 1
5817 2
5818 2
5819 1
5820 5
5821 1
5822 1
5823 3
5824 1
5825 1
5826 4
5827 1
5828 1
5829 8
5830 1
5831 7
5832 1
5833 2
5834 1
5835 1
5836 3
5837 1
5838 17
5839 2
5840 2
5841 2
5842 2
5843 1
5844 3
5845 1
5846 9
5847 8
5848 12
5849 1
5850 1
5851 1
5852 2
5853 2
5854 3
5855 1
5856 35
5857 1
5858 66
5859 1
5860 1
5861 1
5862 3
5863 1
5864 1
5865 2
5866 4
5867 15
5868 1
5869 1
5870 16
5871 1
5872 4
5873 1
5874 1
5875 6
5876 2
5877 30
5878 89
5879 2
5880 2
5881 1
5882 2
5883 1
5884 7
5885 3
5886 3
5887 1
5888 4
5889 1
5890 4
5891 2
5892 4
5893 6
5894 1
5895 31
5896 5
5897 17
5898 2
5899 2
5900 10
5901 3
5902 28
5903 1
5904 4
5905 1
5906 5
5907 1
5908 1
5909 2
5910 10
5911 1
5912 4
5913 9
5914 2
5915 1
5916 1
5917 1
5918 20
5919 5
5920 1
5921 3
5922 1
5923 7
5924 2
5925 3
5926 1
5927 1
5928 1
5929 1
5930 1
5931 1
5932 1
5933 68
5934 1
5935 8
5936 1
5937 1
5938 9
5939 1
5940 1
5941 1
5942 1
5943 7
5944 3
5945 2
5946 1
5947 3
5948 10
5949 1
5950 2
5951 1
5952 3
5953 7
5954 105
5955 1
5956 2
5957 1
5958 4
5959 1
5960 1
5961 2
5962 2
5963 23
5964 2
5965 1
5966 4
5967 25
5968 1
5969 4
5970 6
5971 1
5972 4
5973 7
5974 4
5975 1
5976 1
5977 1
5978 3
5979 6
5980 2
5981 2
5982 3
5983 2
5984 1
5985 116
5986 4
5987 1
5988 13
5989 4
5990 1
5991 36
5992 1
5993 6
5994 1
5995 2
5996 3
5997 12
5998 1
5999 1
6000 1
6001 1
6002 1
6003 2
6004 40
6005 2
6006 3
6007 18
6008 12
6009 1
6010 1
6011 1
6012 2
6013 1
6014 2
6015 4
6016 22
6017 1
6018 17
6019 1
6020 1
6021 1
6022 6
6023 1
6024 2
6025 1
6026 4
6027 1
6028 1
6029 1
6030 3
6031 7
6032 1
6033 2
6034 1
6035 1
6036 3
6037 2
6038 1
6039 1
6040 1
6041 2
6042 42
6043 2
6044 66
6045 1
6046 23
6047 6
6048 3
6049 1
6050 1
6051 1
6052 3
6053 2
6054 3
6055 8
6056 1
6057 5
6058 5
6059 3
6060 3
6061 2
6062 1
6063 2
6064 68
6065 3
6066 3
6067 2
6068 7
6069 1
6070 15
6071 4
6072 6
6073 1
6074 20
6075 2
6076 2
6077 1
6078 2
6079 9
6080 2
6081 1
6082 3
6083 1
6084 1
6085 1
6086 1
6087 5
6088 1
6089 13
6090 61
6091 1
6092 2
6093 1
6094 3
6095 2
6096 1
6097 1
6098 2
6099 1
6100 2
6101 1
6102 1
6103 151
6104 2
6105 1
6106 2
6107 2
6108 1
6109 34
6110 2
6111 4
6112 1
6113 1
6114 1
6115 2
6116 1
6117 1
6118 16
6119 2
6120 3
6121 6
6122 4
6123 3
6124 6
6125 2
6126 1
6127 1
6128 2
6129 5
6130 1
6131 1
6132 8
6133 6
6134 1
6135 2
6136 2
6137 12
6138 7
6139 1
6140 1
6141 5
6142 2
6143 3
6144 26
6145 2
6146 5
6147 1
6148 3
6149 3
6150 2
6151 2
6152 3
6153 2
6154 1
6155 3
6156 1
6157 1
6158 3
6159 1
6160 1
6161 10
6162 2
6163 2
6164 2
6165 1
6166 14
6167 5
6168 5
6169 1
6170 6
6171 1
6172 2
6173 9
6174 1
6175 2
6176 5
6177 1
6178 36
6179 1
6180 1
6181 5
6182 6
6183 2
6184 1
6185 2
6186 3
6187 6
6188 8
6189 1
6190 9
6191 1
6192 2
6193 1
6194 1
6195 3
6196 2
6197 1
6198 5
6199 6
6200 1
6201 1
6202 3
6203 2
6204 1
6205 3
6206 1
6207 1
6208 1
6209 2
6210 1
6211 1
6212 1
6213 6
6214 1
6215 6
6216 1
6217 2
6218 1
6219 2
6220 3
6221 2
6222 1
6223 5
6224 2
6225 1
6226 1
6227 11
6228 2
6229 1
6230 3
6231 11
6232 1
6233 6
6234 1
6235 1
6236 1
6237 3
6238 2
6239 1
6240 4
6241 4
6242 17
6243 1
6244 3
6245 4
6246 1
6247 2
6248 1
6249 2
6250 1116
6251 4
6252 2
6253 3
6254 10
6255 2
6256 3
6257 4
6258 8
6259 1
6260 1
6261 1
6262 1
6263 1
6264 3
6265 5
6266 3
6267 2
6268 5
6269 1
6270 1
6271 1
6272 5
6273 1
6274 1
6275 26
6276 1
6277 2
6278 1
6279 2
6280 8
6281 1
6282 4
6283 17
6284 1
6285 1
6286 10
6287 4
6288 5
6289 2
6290 1
6291 41
6292 3
6293 1
6294 5
6295 1
6296 6
6297 1
6298 66
6299 5
6300 1
6301 5
6302 1
6303 3
6304 1
6305 18
6306 37
6307 2
6308 2
6309 5
6310 3
6311 17
6312 1
6313 1
6314 4
6315 1
6316 19
6317 1
6318 4
6319 1
6320 2
6321 19
6322 5
6323 20
6324 1
6325 2
6326 5
6327 1
6328 25
6329 1
6330 4
6331 1
6332 3
6333 2
6334 11
6335 2
6336 4
6337 2
6338 13
6339 1
6340 5
6341 5
6342 1
6343 24
6344 2
6345 2
6346 15
6347 1
6348 6
6349 1
6350 4
6351 1
6352 1
6353 8
6354 1
6355 3
6356 1
6357 13
6358 2
6359 5
6360 1
6361 2
6362 6
6363 1
6364 2
6365 1
6366 1
6367 7
6368 4
6369 2
6370 4
6371 2
6372 2
6373 1
6374 1
6375 3
6376 1
6377 1
6378 5
6379 11
6380 1
6381 19
6382 1
6383 4
6384 2
6385 1
6386 2
6387 1
6388 2
6389 2
6390 8
6391 4
6392 2
6393 3
6394 11
6395 8
6396 1
6397 1
6398 1
6399 3
6400 1
6401 1
6402 2
6403 1
6404 1
6405 2
6406 12
6407 1
6408 8
6409 7
6410 1
6411 33
6412 3
6413 2
6414 1
6415 4
6416 1
6417 3
6418 1
6419 13
6420 1
6421 3
6422 7
6423 1
6424 1
6425 3
6426 1
6427 3
6428 1
6429 4
6430 2
6431 6
6432 1
6433 1
6434 1
6435 4
6436 1
6437 1
6438 6
6439 4
6440 195
6441 1
6442 6
6443 1
6444 3
6445 4
6446 1
6447 7
6448 1
6449 2
6450 2
6451 1
6452 13
6453 1
6454 7
6455 1
6456 2
6457 1
6458 1
6459 1
6460 1
6461 2
6462 1
6463 1
6464 6
6465 2
6466 12
6467 5
6468 11
6469 1
6470 13
6471 2
6472 1
6473 3
6474 1
6475 2
6476 1
6477 18
6478 2
6479 1
6480 2
6481 3
6482 1
6483 2
6484 3
6485 2
6486 1
6487 4
6488 1
6489 8
6490 12
6491 1
6492 4
6493 1
6494 3
6495 2
6496 1
6497 1
6498 3
6499 4
6500 2
6501 1
6502 1
6503 5
6504 6
6505 1
6506 1
6507 6
6508 2
6509 3
6510 1
6511 3
6512 1
6513 6
6514 1
6515 6
6516 1
6517 141
6518 3
6519 4
6520 25
6521 1
6522 1
6523 27
6524 1
6525 2
6526 1
6527 28
6528 1
6529 2
6530 4
6531 6
6532 1
6533 16
6534 1
6535 2
6536 1
6537 2
6538 1
6539 2
6540 3
6541 2
6542 2319
6543 1
6544 68
6545 1
6546 16
6547 1
6548 1
6549 3
6550 7
6551 2
6552 1
6553 17
6554 5
6555 1
6556 4
6557 1
6558 1
6559 3
6560 8
6561 25
6562 1
6563 137
6564 1
6565 2
6566 4
6567 19
6568 3
6569 2
6570 37
6571 1
6572 98
6573 6
6574 1
6575 11
6576 2
6577 2
6578 2
6579 1
6580 4
6581 2
6582 2
6583 2
6584 1
6585 1
6586 15
6587 10
6588 4
6589 8
6590 3
6591 7
6592 3
6593 2
6594 7
6595 1
6596 2
6597 365
6598 1
6599 5
6600 1
6601 12
6602 22
6603 1
6604 4
6605 6
6606 1
6607 1
6608 12
6609 1
6610 1
6611 1
6612 7
6613 11
6614 1
6615 2
6616 4
6617 1
6618 5
6619 1
6620 1
6621 1
6622 4
6623 2
6624 55
6625 1
6626 1
6627 3
6628 1
6629 1
6630 1
6631 1
6632 5
6633 1
6634 2
6635 3
6636 3
6637 1
6638 1
6639 2
6640 1
6641 252
6642 1
6643 9
6644 3
6645 1
6646 2
6647 1
6648 1
6649 1
6650 1
6651 1
6652 1
6653 1
6654 1
6655 8
6656 1
6657 2
6658 1
6659 1
6660 7
6661 2
6662 1
6663 1
6664 40
6665 1
6666 5
6667 2
6668 1
6669 18
6670 3
6671 1
6672 1
6673 11
6674 2
6675 34
6676 1
6677 1
6678 37
6679 1
6680 6
6681 1
6682 1
6683 3
6684 1
6685 1
6686 1
6687 3
6688 2
6689 2
6690 1
6691 1
6692 4
6693 1
6694 1
6695 1
6696 5
6697 4
6698 5
6699 21
6700 80
6701 15
6702 20
6703 11
6704 3
6705 2
6706 2
6707 2
6708 2
6709 1
6710 8
6711 17
6712 4
6713 1
6714 4
6715 1
6716 1
6717 6
6718 1
6719 2
6720 3
6721 5
6722 1
6723 2
6724 3
6725 1
6726 39
6727 1
6728 10
6729 3
6730 4
6731 1
6732 14
6733 2
6734 2
6735 1
6736 3
6737 1
6738 1
6739 1
6740 12
6741 4
6742 1
6743 1
6744 1
6745 4
6746 2
6747 2
6748 21
6749 1
6750 1
6751 6
6752 12
6753 2
6754 7
6755 15
6756 1
6757 3
6758 19
6759 4
6760 5
6761 2
6762 3
6763 1
6764 1
6765 1
6766 1
6767 4
6768 3
6769 7
6770 2
6771 1
6772 7
6773 1
6774 27
6775 12
6776 1
6777 3
6778 1
6779 1
6780 5
6781 1
6782 2
6783 9
6784 1
6785 2
6786 1
6787 4
6788 7
6789 306
6790 1
6791 6
6792 1
6793 3
6794 1
6795 1
6796 1
6797 5
6798 2
6799 1
6800 12
6801 1
6802 1
6803 2
6804 4
6805 19
6806 1
6807 14
6808 1
6809 17
6810 1
6811 1
6812 1
6813 1
6814 4
6815 5
6816 1
6817 3
6818 54
6819 6
6820 12
6821 2
6822 1
6823 1
6824 3
6825 1
6826 2
6827 13
6828 1
6829 2
6830 1
6831 3
6832 2
6833 1
6834 2
6835 1
6836 1
6837 1
6838 2
6839 1
6840 1
6841 5
6842 1
6843 1
6844 1
6845 20
6846 2
6847 1
6848 3
6849 1
6850 14
6851 6
6852 2
6853 2
6854 2
6855 1
6856 1
6857 18
6858 1
6859 2
6860 1
6861 3
6862 17
6863 2
6864 4
6865 2
6866 2
6867 3
6868 1
6869 2
6870 10
6871 2
6872 23
6873 2
6874 3
6875 2
6876 1
6877 1
6878 8
6879 5
6880 4
6881 1
6882 2
6883 2
6884 1
6885 6
6886 1
6887 3
6888 1
6889 14
6890 1
6891 1
6892 1
6893 3
6894 2
6895 1
6896 2
6897 1
6898 4
6899 1
6900 1
6901 1
6902 7
6903 24
6904 1
6905 2
6906 1
6907 1
6908 2
6909 1
6910 3
6911 19
6912 9
6913 5
6914 8
6915 1
6916 3
6917 4
6918 2
6919 8
6920 6
6921 4
6922 1
6923 27
6924 2
6925 1
6926 1
6927 3
6928 1
6929 1
6930 7
6931 2
6932 1
6933 3
6934 698
6935 2
6936 3
6937 1
6938 1
6939 1
6940 1
6941 2
6942 1
6943 1
6944 20
6945 1
6946 29
6947 20
6948 1
6949 3
6950 6
6951 2
6952 2
6953 15
6954 1
6955 5
6956 23
6957 2
6958 13
6959 1
6960 6
6961 1
6962 5
6963 3
6964 2
6965 58
6966 1
6967 1
6968 1
6969 1
6970 4
6971 1
6972 3
6973 14
6974 2
6975 17
6976 1
6977 13
6978 1
6979 5
6980 14
6981 9
6982 1
6983 17
6984 1
6985 28
6986 5
6987 13
6988 1
6989 7
6990 1
6991 2
6992 2
6993 1
6994 4
6995 3
6996 5
6997 1
6998 53
6999 1
7000 9
7001 1
7002 20
7003 3
7004 129
7005 1
7006 1
7007 3
7008 1
7009 1
7010 16
7011 1
7012 1
7013 4
7014 5
7015 9
7016 3
7017 1
7018 1
7019 1
7020 3
7021 7
7022 1
7023 9
7024 1
7025 73
7026 1
7027 1
7028 1
7029 2
7030 16
7031 1
7032 1
7033 1
7034 3
7035 5
7036 1
7037 1
7038 6
7039 6
7040 2
7041 1
7042 1
7043 2
7044 2
7045 9
7046 2
7047 9
7048 19
7049 1
7050 4
7051 2
7052 1
7053 3
7054 1
7055 2
7056 3
7057 3
7058 3
7059 4
7060 2
7061 6
7062 1
7063 28
7064 18
7065 1
7066 15
7067 14
7068 7
7069 2
7070 1
7071 2
7072 1
7073 1
7074 25
7075 27
7076 1
7077 1
7078 2
7079 7
7080 1
7081 2
7082 2
7083 1
7084 1
7085 1
7086 1
7087 1
7088 10
7089 6
7090 5
7091 5
7092 1
7093 9
7094 1
7095 1
7096 2
7097 1
7098 8
7099 26
7100 5
7101 9
7102 1
7103 4
7104 41
7105 1
7106 1
7107 1
7108 5
7109 2
7110 1
7111 72
7112 1
7113 1
7114 1
7115 15
7116 1
7117 6
7118 1
7119 60
7120 3
7121 5
7122 1
7123 2
7124 1
7125 1
7126 1
7127 1
7128 1
7129 7
7130 1
7131 7
7132 5
7133 1
7134 122
7135 3
7136 1
7137 49
7138 2
7139 2
7140 19
7141 1
7142 5
7143 2
7144 2
7145 1
7146 4
7147 1
7148 3
7149 1
7150 1
7151 3
7152 1
7153 11
7154 5
7155 1
7156 1
7157 11
7158 4
7159 8
7160 1
7161 3
7162 9
7163 1
7164 1
7165 3
7166 1
7167 1
7168 4
7169 4
7170 1
7171 1
7172 3
7173 1
7174 6
7175 1
7176 20
7177 3
7178 1
7179 2
7180 4
7181 2
7182 1
7183 5
7184 1
7185 3
7186 1
7187 3
7188 2
7189 1
7190 7
7191 4
7192 1
7193 6
7194 4
7195 6
7196 23
7197 2
7198 7
7199 2
7200 1
7201 1
7202 7
7203 1
7204 9
7205 2
7206 2
7207 10
7208 11
7209 87
7210 11
7211 2
7212 1
7213 2
7214 1
7215 2
7216 5
7217 1
7218 1
7219 2
7220 2
7221 1
7222 2
7223 5
7224 1
7225 1
7226 10
7227 2
7228 1
7229 1
7230 2
7231 1
7232 11
7233 2
7234 1
7235 1
7236 2
7237 2
7238 2
7239 1
7240 3
7241 1
7242 7
7243 3
7244 1
7245 4
7246 2
7247 5
7248 1
7249 4
7250 1
7251 1
7252 1
7253 3
7254 29
7255 4
7256 6
7257 3
7258 1
7259 3
7260 1
7261 1
7262 1
7263 1
7264 17
7265 6
7266 158
7267 6
7268 1
7269 1
7270 1
7271 4
7272 1
7273 1
7274 11
7275 2
7276 2
7277 4
7278 1
7279 6
7280 14
7281 1
7282 3
7283 3
7284 4
7285 3
7286 1
7287 3
7288 2
7289 1
7290 2
7291 5
7292 1
7293 1
7294 12
7295 1
7296 1
7297 1
7298 1
7299 1
7300 20
7301 10
7302 3
7303 2
7304 2
7305 1
7306 1
7307 4
7308 2
7309 2
7310 2
7311 10
7312 1
7313 1
7314 1
7315 1
7316 1
7317 3
7318 1
7319 2
7320 1
7321 1
7322 37
7323 1
7324 2
7325 3
7326 2
7327 1
7328 1
7329 1
7330 16
7331 2
7332 1
7333 3
7334 1
7335 18
7336 4
7337 1
7338 2
7339 3
7340 2
7341 1
7342 13
7343 1
7344 2
7345 1
7346 22
7347 1
7348 3
7349 2
7350 1
7351 22
7352 1
7353 23
7354 13
7355 1
7356 2
7357 2
7358 1
7359 2
7360 1
7361 7
7362 1
7363 2
7364 4
7365 20
7366 304
7367 32
7368 1
7369 4
7370 3
7371 1
7372 3
7373 1
7374 2
7375 1
7376 10
7377 5
7378 2
7379 1
7380 4
7381 1
7382 1
7383 1
7384 3
7385 2
7386 1
7387 4
7388 1
7389 1
7390 4
7391 1
7392 1
7393 2
7394 1
7395 2
7396 1
7397 7
7398 2
7399 4
7400 3
7401 7
7402 2
7403 1
7404 8
7405 11
7406 1
7407 2
7408 1
7409 18
7410 1
7411 4
7412 1
7413 3
7414 108
7415 1
7416 4
7417 3
7418 1
7419 51
7420 1
7421 1
7422 2
7423 1
7424 1
7425 1
7426 2
7427 2
7428 1
7429 4
7430 1
7431 3
7432 3
7433 10
7434 2
7435 1
7436 17
7437 1
7438 1
7439 13
7440 1
7441 1
7442 5
7443 5
7444 4
7445 28
7446 4
7447 1
7448 2
7449 2
7450 2
7451 1
7452 1
7453 1
7454 1
7455 2
7456 5
7457 1
7458 1
7459 2
7460 12
7461 560
7462 1
7463 1
7464 1
7465 4
7466 1
7467 4
7468 3
7469 2
7470 1
7471 1
7472 1
7473 12
7474 3
7475 2
7476 20
7477 47
7478 6
7479 1
7480 1
7481 1
7482 5
7483 2
7484 1
7485 2
7486 2
7487 26
7488 1
7489 1
7490 1
7491 8
7492 13
7493 1
7494 1
7495 1
7496 1
7497 1
7498 2
7499 2
7500 2
7501 1
7502 10
7503 1
7504 6
7505 1
7506 1
7507 3
7508 19
7509 1
7510 1
7511 39
7512 4
7513 4
7514 1
7515 1
7516 1
7517 1
7518 1
7519 3
7520 1
7521 1
7522 1
7523 10
7524 2
7525 3
7526 6
7527 2
7528 7
7529 1
7530 1
7531 3
7532 1
7533 1
7534 4
7535 26
7536 1
7537 1
7538 1
7539 1
7540 2
7541 2
7542 141
7543 3
7544 17
7545 1
7546 1
7547 12
7548 1
7549 3
7550 3
7551 3
7552 1
7553 2
7554 1
7555 4
7556 1
7557 36
7558 2
7559 1
7560 2
7561 1
7562 1
7563 1
7564 1
7565 1
7566 1
7567 2
7568 1
7569 1
7570 21
7571 6
7572 135
7573 1
7574 6
7575 1
7576 1
7577 2
7578 1
7579 4
7580 41
7581 1
7582 7
7583 1
7584 4
7585 14
7586 1
7587 5
7588 6
7589 1
7590 1
7591 1
7592 2
7593 3
7594 9
7595 2
7596 18
7597 2
7598 1
7599 1
7600 1
7601 1
7602 2
7603 1
7604 6
7605 3
7606 1
7607 6
7608 1
7609 5
7610 1
7611 3
7612 10
7613 1
7614 3
7615 2
7616 9
7617 2
7618 2
7619 14
7620 42
7621 1
7622 1
7623 5
7624 1
7625 34
7626 1
7627 2
7628 1
7629 1
7630 2
7631 1
7632 9
7633 3
7634 2
7635 1
7636 1
7637 2
7638 1
7639 25
7640 1
7641 2
7642 1
7643 1
7644 9
7645 2
7646 1
7647 9
7648 158
7649 2
7650 3
7651 5
7652 1
7653 1
7654 21
7655 1
7656 1
7657 1
7658 1
7659 65
7660 11
7661 5
7662 3
7663 4
7664 2
7665 1
7666 5
7667 4
7668 6
7669 1
7670 1
7671 1
7672 7
7673 11
7674 3
7675 11
7676 2
7677 6
7678 1
7679 1
7680 1
7681 25
7682 1
7683 1
7684 1
7685 15
7686 4
7687 1
7688 9
7689 22
7690 19
7691 1
7692 90
7693 2
7694 1
7695 18
7696 3
7697 7
7698 1
7699 1
7700 7
7701 1
7702 1
7703 5
7704 2
7705 1
7706 2
7707 106
7708 1
7709 5
7710 1
7711 11
7712 2
7713 1
7714 1
7715 121
7716 6
7717 2
7718 5
7719 3
7720 1
7721 1
7722 13
7723 2
7724 3
7725 1
7726 3
7727 1
7728 1
7729 1
7730 3
7731 2
7732 1
7733 1
7734 1
7735 2
7736 2
7737 1
7738 64
7739 3
7740 5
7741 1
7742 3
7743 4
7744 1
7745 3
7746 3
7747 1
7748 3
7749 3
7750 1
7751 3
7752 1
7753 2
7754 1
7755 1
7756 4
7757 4
7758 14
7759 3
7760 4
7761 2
7762 2
7763 1
7764 18
7765 4
7766 1
7767 1
7768 2
7769 4
7770 1
7771 3
7772 1
7773 3
7774 4
7775 2
7776 2
7777 8
7778 1
7779 4
7780 1
7781 51
7782 1
7783 7
7784 12
7785 18
7786 1
7787 1
7788 1
7789 1
7790 1
7791 16
7792 1
7793 2
7794 1
7795 1
7796 12
7797 31
7798 7
7799 1
7800 52
7801 2
7802 1
7803 1
7804 11
7805 1
7806 4
7807 4
7808 2
7809 3
7810 2
7811 1
7812 2
7813 3
7814 1
7815 10
7816 7
7817 5
7818 3
7819 2
7820 1
7821 1
7822 1
7823 2
7824 4
7825 1
7826 4
7827 1
7828 1
7829 2
7830 3
7831 4
7832 1
7833 1
7834 2
7835 1
7836 5
7837 5
7838 1
7839 1
7840 1
7841 1
7842 5
7843 1
7844 1
7845 4
7846 5
7847 2
7848 4
7849 2
7850 1
7851 1
7852 21
7853 1
7854 2
7855 1
7856 2
7857 1
7858 2
7859 42
7860 19
7861 27
7862 1
7863 7
7864 1
7865 1
7866 8
7867 1
7868 1
7869 1
7870 7
7871 1
7872 1
7873 1
7874 6
7875 7
7876 2
7877 2
7878 2
7879 3
7880 1
7881 12
7882 1
7883 1
7884 6
7885 6
7886 2
7887 4
7888 4
7889 1
7890 1
7891 4
7892 1
7893 2
7894 24
7895 1
7896 1
7897 1
7898 5
7899 2
7900 17
7901 1
7902 1
7903 1
7904 1
7905 4
7906 1
7907 6
7908 6
7909 1
7910 8
7911 2
7912 16
7913 1
7914 16
7915 1
7916 1
7917 1
7918 1
7919 4
7920 1
7921 15
7922 1
7923 3
7924 1
7925 12
7926 1
7927 1
7928 6
7929 9
7930 1
7931 4
7932 1
7933 6
7934 1
7935 4
7936 1
7937 3
7938 5
7939 3
7940 2
7941 1
7942 1
7943 1
7944 8
7945 3
7946 1
7947 1
7948 1
7949 1
7950 1
7951 6
7952 2
7953 1
7954 1
7955 1
7956 2
7957 2
7958 1
7959 1
7960 2
7961 9
7962 1
7963 3
7964 1
7965 8
7966 1
7967 1
7968 4
7969 2
7970 2
7971 4
7972 1
7973 13
7974 1
7975 1
7976 1
7977 15
7978 3
7979 3
7980 16
7981 1
7982 15
7983 9
7984 3
7985 2
7986 1
7987 10
7988 7
7989 5
7990 1
7991 1
7992 2
7993 1
7994 1
7995 30
7996 1
7997 1
7998 1
7999 1
8000 29
8001 2
8002 2
8003 3
8004 3
8005 1
8006 3
8007 1
8008 5
8009 3
8010 1
8011 25
8012 1
8013 1
8014 1
8015 1
8016 1
8017 60
8018 1
8019 18
8020 2
8021 8
8022 4
8023 1
8024 1
8025 3
8026 1
8027 3
8028 1
8029 1
8030 3
8031 8
8032 6
8033 3
8034 1
8035 1
8036 1
8037 3
8038 1
8039 9
8040 14
8041 5
8042 5
8043 4
8044 4
8045 3
8046 3
8047 1
8048 1
8049 6
8050 1
8051 1
8052 70
8053 16
8054 1
8055 29
8056 2
8057 1
8058 4
8059 6
8060 13
8061 1
8062 1
8063 73
8064 1
8065 22
8066 1
8067 5
8068 20
8069 1
8070 7
8071 1
8072 26
8073 1
8074 2
8075 1
8076 1
8077 4
8078 5
8079 36
8080 1
8081 1
8082 4
8083 14
8084 1
8085 6
8086 4
8087 1
8088 1
8089 7
8090 2
8091 1
8092 2
8093 2
8094 2
8095 1
8096 1
8097 1
8098 6
8099 18
8100 1
8101 11
8102 1
8103 2
8104 4
8105 1
8106 1
8107 1
8108 2
8109 9
8110 1
8111 5
8112 1
8113 1
8114 2
8115 1
8116 2
8117 2
8118 2
8119 2
8120 1
8121 2
8122 24
8123 3
8124 1
8125 1
8126 1
8127 1
8128 17
8129 2
8130 2
8131 1
8132 2
8133 7
8134 2
8135 2
8136 7
8137 2
8138 4
8139 6
8140 4
8141 1
8142 9
8143 1
8144 15
8145 1
8146 2
8147 5
8148 1
8149 19
8150 1
8151 1
8152 2
8153 1
8154 4
8155 7
8156 7
8157 6
8158 1
8159 4
8160 1
8161 1486
8162 19
8163 1
8164 7
8165 8
8166 2
8167 3
8168 1
8169 3
8170 1
8171 8
8172 2
8173 4
8174 1
8175 15
8176 1
8177 2
8178 2
8179 4
8180 4
8181 1
8182 1
8183 2
8184 1
8185 10
8186 6
8187 2
8188 3
8189 1
8190 1
8191 3
8192 14
8193 1
8194 2
8195 4
8196 4
8197 2
8198 1
8199 1
8200 13
8201 2
8202 2
8203 2
8204 3
8205 4
8206 1
8207 1
8208 1
8209 3
8210 106
8211 2
8212 1
8213 4
8214 1
8215 5
8216 2
8217 1
8218 2
8219 5
8220 6
8221 1
8222 1
8223 3
8224 2
8225 1
8226 2
8227 2
8228 1
8229 1
8230 2
8231 156
8232 1
8233 8
8234 2
8235 4
8236 2
8237 2
8238 96
8239 1
8240 1
8241 3
8242 1
8243 1
8244 3
8245 2
8246 5
8247 1
8248 1
8249 1
8250 2
8251 1
8252 1
8253 2
8254 1
8255 4
8256 3
8257 2
8258 1
8259 2
8260 2
8261 2
8262 1
8263 2
8264 130
8265 2
8266 1
8267 1
8268 24
8269 2
8270 4
8271 2
8272 1
8273 1
8274 2
8275 2
8276 1
8277 2
8278 2
8279 6
8280 1
8281 9
8282 1
8283 1
8284 1
8285 5
8286 1
8287 1
8288 5
8289 3
8290 1
8291 2
8292 1
8293 22
8294 2
8295 5
8296 11
8297 1
8298 8
8299 1
8300 21
8301 1
8302 1
8303 1
8304 7
8305 1
8306 3
8307 6
8308 2
8309 39
8310 1
8311 8
8312 1
8313 3
8314 19
8315 1
8316 1
8317 20
8318 2
8319 3
8320 1
8321 1
8322 7
8323 2
8324 1
8325 1
8326 1
8327 8
8328 17
8329 1
8330 2
8331 5
8332 3
8333 7
8334 2
8335 1
8336 1
8337 1
8338 3
8339 1
8340 5
8341 20
8342 1
8343 2
8344 21
8345 3
8346 1
8347 1
8348 2
8349 4
8350 7
8351 1
8352 1
8353 1
8354 20
8355 2
8356 3
8357 1
8358 1
8359 17
8360 23
8361 5
8362 2
8363 3
8364 5
8365 6
8366 1
8367 4
8368 1
8369 4
8370 1
8371 2
8372 1
8373 2
8374 1
8375 11
8376 1
8377 7
8378 1
8379 1
8380 218
8381 1
8382 2
8383 1
8384 1
8385 3
8386 4
8387 1
8388 3
8389 1
8390 2
8391 1
8392 2
8393 2
8394 2
8395 7
8396 1
8397 9
8398 1
8399 5
8400 1
8401 3
8402 1
8403 8
8404 1
8405 1
8406 3
8407 12
8408 2
8409 1
8410 1
8411 2
8412 6
8413 7
8414 1
8415 2
8416 2
8417 6
8418 1
8419 1
8420 1
8421 2
8422 11
8423 1
8424 1
8425 3
8426 1
8427 1
8428 106
8429 1
8430 1
8431 1
8432 5
8433 2
8434 1
8435 2
8436 1
8437 548
8438 12
8439 1
8440 1
8441 2
8442 1
8443 9
8444 4
8445 1
8446 78
8447 1
8448 11
8449 1
8450 2
8451 9
8452 1
8453 8
8454 4
8455 15
8456 1
8457 1
8458 2
8459 1
8460 3
8461 1
8462 4
8463 107
8464 1
8465 2
8466 1
8467 10
8468 4
8469 2
8470 1
8471 1
8472 1
8473 2
8474 25
8475 2
8476 19
8477 3
8478 219
8479 1
8480 1
8481 2
8482 1
8483 18
8484 1
8485 1
8486 13
8487 3
8488 1
8489 1
8490 1
8491 3
8492 1
8493 3
8494 1
8495 6
8496 2
8497 1
8498 1
8499 1
8500 4
8501 1
8502 2
8503 2
8504 4
8505 2
8506 2
8507 1
8508 5
8509 7
8510 2
8511 3
8512 1
8513 7
8514 9
8515 6
8516 1
8517 1
8518 2
8519 2
8520 3
8521 3
8522 2
8523 1
8524 13
8525 7
8526 8
8527 3
8528 1
8529 40
8530 38
8531 3
8532 1
8533 1
8534 1
8535 28
8536 1
8537 3
8538 1
8539 2
8540 11
8541 22
8542 4
8543 1
8544 1
8545 4
8546 1
8547 1
8548 4
8549 3
8550 2
8551 4
8552 1
8553 10
8554 1
8555 3
8556 30
8557 24
8558 4
8559 3
8560 2
8561 7
8562 3
8563 1
8564 1
8565 1
8566 2
8567 3
8568 12
8569 3
8570 1
8571 1
8572 2
8573 4
8574 1
8575 15
8576 1
8577 4
8578 1
8579 1
8580 5
8581 1
8582 1
8583 1
8584 1
8585 4
8586 4
8587 2
8588 9
8589 1
8590 1
8591 2
8592 1
8593 5
8594 4
8595 1
8596 1
8597 4
8598 3
8599 1
8600 7
8601 3
8602 3
8603 10
8604 1
8605 2
8606 11
8607 1
8608 1
8609 2
8610 1
8611 1
8612 15
8613 2
8614 1
8615 5
8616 3
8617 1
8618 3
8619 1
8620 1
8621 1
8622 1
8623 1
8624 1
8625 2
8626 1
8627 2
8628 2
8629 14
8630 1
8631 2
8632 1
8633 1
8634 1
8635 4
8636 1
8637 33
8638 3
8639 2
8640 1
8641 5
8642 2
8643 1
8644 2
8645 2
8646 5
8647 3
8648 1
8649 2
8650 12
8651 1
8652 3
8653 1
8654 2
8655 89
8656 2
8657 1
8658 1
8659 1
8660 1
8661 4
8662 4
8663 11
8664 21
8665 2
8666 1
8667 2
8668 13
8669 54
8670 121
8671 1
8672 2
8673 1
8674 2
8675 12
8676 1
8677 2
8678 1
8679 3
8680 8
8681 2
8682 1
8683 24
8684 90
8685 8
8686 1
8687 22
8688 1
8689 1
8690 1
8691 1
8692 2
8693 1
8694 8
8695 1
8696 6
8697 4
8698 7
8699 1
8700 9
8701 3
8702 1
8703 3
8704 2
8705 1
8706 4
8707 1
8708 1
8709 1
8710 2
8711 1
8712 1
8713 1
8714 20
8715 4
8716 2
8717 3
8718 65
8719 1
8720 1
8721 1
8722 15
8723 12
8724 14
8725 1
8726 1
8727 10
8728 4
8729 4
8730 11
8731 6
8732 10
8733 1
8734 1
8735 6
8736 1
8737 1
8738 1
8739 30
8740 25
8741 2
8742 1
8743 1
8744 2
8745 4
8746 2
8747 23
8748 5
8749 1
8750 4
8751 1
8752 5
8753 1
8754 10
8755 48
8756 2
8757 1
8758 3
8759 1
8760 3
8761 8
8762 1
8763 3
8764 2
8765 6
8766 1
8767 10
8768 17
8769 2
8770 1
8771 1
8772 4
8773 1
8774 28
8775 5
8776 1
8777 2
8778 1
8779 6
8780 1
8781 2
8782 3
8783 1
8784 4
8785 2
8786 1
8787 3
8788 18
8789 6
8790 2
8791 2
8792 12
8793 1
8794 1
8795 1
8796 1
8797 1
8798 3
8799 2
8800 4
8801 2
8802 6
8803 7
8804 2
8805 2
8806 1
8807 6
8808 1
8809 2
8810 1
8811 1
8812 8
8813 1
8814 2
8815 1
8816 8
8817 96
8818 1
8819 21
8820 1
8821 5
8822 131
8823 1
8824 4
8825 1
8826 2
8827 1
8828 2
8829 8
8830 4
8831 1
8832 33
8833 12
8834 2
8835 1
8836 2
8837 6
8838 2
8839 1
8840 3
8841 2
8842 2
8843 3
8844 1
8845 1
8846 3
8847 2
8848 1
8849 11
8850 4
8851 1
8852 4
8853 1
8854 1
8855 1
8856 9
8857 5
8858 6
8859 2
8860 2
8861 1
8862 3
8863 3
8864 17
8865 2
8866 1
8867 53
8868 1
8869 3
8870 1
8871 4
8872 1
8873 3
8874 4
8875 1
8876 2
8877 1
8878 4
8879 1
8880 4
8881 22
8882 1
8883 1
8884 2
8885 8
8886 2
8887 2
8888 1
8889 3
8890 1
8891 1
8892 1
8893 3
8894 3
8895 1
8896 5
8897 1
8898 1
8899 1
8900 17
8901 2
8902 16
8903 1
8904 2
8905 48
8906 1
8907 1
8908 1
8909 1
8910 2
8911 1
8912 1
8913 1
8914 2
8915 1
8916 1
8917 2
8918 3
8919 25
8920 1
8921 104
8922 3
8923 3
8924 10
8925 21
8926 1
8927 15
8928 2
8929 2
8930 1
8931 3
8932 1
8933 2
8934 1
8935 24
8936 3
8937 6
8938 1
8939 6
8940 4
8941 1
8942 16
8943 1
8944 9
8945 11
8946 4
8947 3
8948 2
8949 64
8950 1
8951 4
8952 16
8953 10
8954 2
8955 2
8956 3
8957 1
8958 1
8959 4
8960 6
8961 2
8962 2
8963 1
8964 1
8965 1
8966 2
8967 1
8968 41
8969 1
8970 4
8971 2
8972 3
8973 1
8974 1
8975 1
8976 1
8977 23
8978 10
8979 1
8980 2
8981 2
8982 17
8983 1
8984 4
8985 2
8986 1
8987 7
8988 2
8989 1
8990 29
8991 2
8992 1
8993 1
8994 6
8995 1
8996 5
8997 3
8998 13
8999 1
9000 37
9001 2
9002 53
9003 1
9004 1
9005 53
9006 1
9007 4
9008 11
9009 1
9010 129
9011 104
9012 1
9013 2
9014 5
9015 12
9016 6
9017 1
9018 177
9019 1
9020 7
9021 4
9022 3
9023 1
9024 1
9025 2
9026 2
9027 2
9028 1
9029 7
9030 1
9031 3
9032 2
9033 2
9034 4
9035 1
9036 2
9037 1
9038 3
9039 1
9040 2
9041 1
9042 5
9043 1
9044 11
9045 1
9046 2
9047 1
9048 4
9049 1
9050 3
9051 1
9052 7
9053 1
9054 1
9055 1
9056 1
9057 3
9058 1
9059 1
9060 1
9061 3
9062 1
9063 1
9064 1
9065 1
9066 2
9067 1
9068 6
9069 2
9070 1
9071 12
9072 3
9073 14
9074 97
9075 2
9076 2
9077 1
9078 87
9079 31
9080 4
9081 1
9082 1
9083 4
9084 2
9085 2
9086 1
9087 1
9088 15
9089 1
9090 7
9091 11
9092 1
9093 17
9094 1
9095 7
9096 7
9097 2
9098 5
9099 1
9100 6
9101 1
9102 1
9103 7
9104 2
9105 17
9106 3
9107 1
9108 10
9109 1
9110 1
9111 1
9112 6
9113 1
9114 51
9115 1
9116 1
9117 1
9118 9
9119 2
9120 1
9121 1
9122 5
9123 2
9124 1
9125 2
9126 2
9127 2
9128 2
9129 1
9130 10
9131 3
9132 3
9133 1
9134 20
9135 2
9136 5
9137 1
9138 31
9139 3
9140 1
9141 10
9142 2
9143 1
9144 1
9145 1
9146 1
9147 5
9148 2
9149 1
9150 3
9151 1
9152 1
9153 6
9154 2
9155 2
9156 457
9157 2
9158 1
9159 184
9160 4
9161 6
9162 1
9163 3
9164 1
9165 2
9166 4
9167 2
9168 1
9169 1
9170 2
9171 5
9172 1
9173 1
9174 9
9175 1
9176 6
9177 1
9178 9
9179 1
9180 3
9181 1
9182 12
9183 1
9184 1
9185 6
9186 68
9187 2
9188 1
9189 1
9190 3
9191 4
9192 2
9193 1
9194 4
9195 3
9196 2
9197 1
9198 3
9199 1
9200 17
9201 1
9202 2
9203 1
9204 3
9205 1
9206 1
9207 42
9208 2
9209 1
9210 1
9211 530
9212 2
9213 4
9214 1
9215 2
9216 1
9217 1
9218 6
9219 1
9220 1
9221 2
9222 1
9223 7
9224 4
9225 1
9226 1
9227 1
9228 13
9229 1
9230 7
9231 1
9232 6
9233 21
9234 16
9235 15
9236 10
9237 3
9238 1
9239 1
9240 17
9241 4
9242 10
9243 1
9244 1
9245 14
9246 1
9247 1
9248 1
9249 260
9250 1
9251 4
9252 2
9253 1
9254 1
9255 1
9256 1
9257 2
9258 6
9259 3
9260 6
9261 1
9262 3
9263 1
9264 1
9265 3
9266 3
9267 2
9268 3
9269 1
9270 161
9271 7
9272 1
9273 10
9274 1
9275 1
9276 1
9277 1
9278 4
9279 1
9280 1
9281 7
9282 1
9283 6
9284 1
9285 113
9286 2
9287 3
9288 1
9289 17
9290 1
9291 3
9292 2
9293 2
9294 1
9295 1
9296 10
9297 13
9298 1
9299 2
9300 1
9301 2
9302 617
9303 6
9304 2
9305 1
9306 19
9307 2
9308 2
9309 1
9310 6
9311 88
9312 1
9313 3
9314 3
9315 1
9316 2
9317 6
9318 1
9319 1
9320 1
9321 1
9322 55
9323 2
9324 1
9325 4
9326 51
9327 1
9328 4
9329 3
9330 1
9331 89
9332 1
9333 8
9334 34
9335 2
9336 2
9337 67
9338 1
9339 5
9340 1
9341 1
9342 7
9343 1
9344 2
9345 2
9346 4
9347 3
9348 8
9349 1
9350 1
9351 3
9352 16
9353 1
9354 3
9355 1
9356 1
9357 5
9358 1
9359 4
9360 9
9361 1
9362 1
9363 2
9364 1
9365 7
9366 1
9367 1
9368 1
9369 1
9370 1
9371 8
9372 3
9373 1
9374 2
9375 3
9376 2
9377 1
9378 3
9379 2
9380 1
9381 1
9382 25
9383 5
9384 126
9385 1
9386 3
9387 1
9388 1
9389 3
9390 6
9391 1
9392 2
9393 1
9394 134
9395 1
9396 57
9397 2
9398 2
9399 1
9400 127
9401 1
9402 1
9403 1
9404 2
9405 1
9406 1
9407 1089
9408 4
9409 3
9410 2
9411 10
9412 4
9413 1
9414 2
9415 1
9416 6
9417 13
9418 4
9419 1
9420 1
9421 2
9422 8
9423 1
9424 6
9425 4
9426 1
9427 1
9428 1
9429 1
9430 5
9431 1
9432 1
9433 3
9434 1
9435 1
9436 14
9437 2
9438 1
9439 5
9440 1
9441 4
9442 1
9443 1
9444 3
9445 1
9446 1
9447 1
9448 3
9449 4
9450 3
9451 5
9452 4
9453 1
9454 6
9455 1
9456 4
9457 2
9458 1
9459 1
9460 16
9461 1
9462 1
9463 1
9464 1
9465 44
9466 1
9467 5
9468 9
9469 1
9470 1
9471 1
9472 1
9473 15
9474 1
9475 1
9476 9
9477 1
9478 1
9479 1
9480 1
9481 21
9482 1
9483 90
9484 1
9485 1
9486 2
9487 2
9488 3
9489 5
9490 1
9491 16
9492 1
9493 1
9494 2
9495 1
9496 1
9497 1
9498 45
9499 2
9500 1
9501 3
9502 1
9503 1
9504 1
9505 1
9506 1
9507 3
9508 1
9509 2
9510 1
9511 1
9512 8
9513 1
9514 22
9515 1
9516 2
9517 3
9518 1
9519 3
9520 3
9521 9
9522 1
9523 3
9524 5
9525 3
9526 1
9527 3
9528 1
9529 1
9530 2
9531 1
9532 1
9533 30
9534 1
9535 1
9536 2
9537 3
9538 7
9539 1
9540 78
9541 1
9542 1
9543 7
9544 1
9545 1
9546 12
9547 1
9548 1
9549 3
9550 1
9551 1
9552 1
9553 35
9554 6
9555 121
9556 2
9557 2
9558 11
9559 2
9560 1
9561 6
9562 8
9563 11
9564 2
9565 2
9566 1
9567 4
9568 1
9569 2
9570 1
9571 4
9572 1
9573 5
9574 1
9575 1
9576 1
9577 1
9578 1
9579 4
9580 1
9581 2
9582 1
9583 1
9584 1
9585 4
9586 1
9587 2
9588 1
9589 13
9590 6
9591 5
9592 2
9593 2
9594 1
9595 1
9596 1
9597 5
9598 2
9599 1
9600 7
9601 1
9602 1
9603 1
9604 3
9605 1
9606 68
9607 2
9608 1
9609 2
9610 19
9611 1
9612 1
9613 4
9614 3
9615 1
9616 5
9617 1
9618 1
9619 1
9620 1
9621 3
9622 1
9623 2
9624 1
9625 3
9626 6
9627 2
9628 1
9629 1
9630 6
9631 1
9632 16
9633 42
9634 1
9635 3
9636 1
9637 1
9638 1
9639 15
9640 1
9641 25
9642 1
9643 6
9644 14
9645 1
9646 1
9647 2
9648 1
9649 5
9650 8
9651 1
9652 1
9653 1
9654 1
9655 846
9656 4
9657 1
9658 1
9659 1
9660 1
9661 2
9662 1
9663 1
9664 4
9665 1
9666 45
9667 1
9668 2
9669 2
9670 1
9671 1
9672 14
9673 6
9674 1
9675 3
9676 1
9677 5
9678 1
9679 9
9680 3
9681 1
9682 6
9683 4
9684 1
9685 9
9686 2
9687 2
9688 1
9689 8
9690 9
9691 2
9692 2
9693 1
9694 1
9695 45
9696 1
9697 3
9698 3
9699 1
9700 1
9701 5
9702 3
9703 2
9704 6
9705 1
9706 1
9707 2
9708 1
9709 3
9710 1
9711 5
9712 1
9713 1
9714 7
9715 6
9716 1
9717 3
9718 2
9719 2
9720 43
9721 1
9722 1
9723 3
9724 1
9725 1
9726 1
9727 1
9728 3
9729 6
9730 2
9731 2
9732 5
9733 2
9734 4
9735 9
9736 1
9737 2
9738 1
9739 1
9740 66
9741 5
9742 1
9743 6
9744 1
9745 3
9746 2
9747 3
9748 1
9749 1
9750 2
9751 5
9752 2
9753 10
9754 13
9755 3
9756 1
9757 10
9758 1
9759 1
9760 2
9761 11
9762 4
9763 1
9764 2
9765 1
9766 1
9767 3
9768 2
9769 9
9770 1
9771 18
9772 6
9773 1
9774 11
9775 2
9776 1
9777 2
9778 18
9779 1
9780 9
9781 7
9782 2
9783 4
9784 8
9785 4
9786 1
9787 2
9788 2
9789 1
9790 1
9791 2
9792 3
9793 1
9794 1
9795 1
9796 7
9797 5
9798 1
9799 1
9800 1
9801 1
9802 18
9803 30
9804 1
9805 7
9806 1
9807 6
9808 1
9809 2
9810 1
9811 3
9812 1
9813 1
9814 10
9815 2
9816 5
9817 2
9818 2
9819 3
9820 1244
9821 1
9822 6
9823 1
9824 1
9825 4
9826 3
9827 2
9828 1
9829 5
9830 1
9831 18
9832 1
9833 7
9834 1
9835 1
9836 2
9837 1
9838 6
9839 1
9840 1
9841 2
9842 348
9843 1
9844 2
9845 1
9846 3
9847 1
9848 25
9849 1
9850 14
9851 1
9852 1
9853 1
9854 2
9855 1
9856 5
9857 1
9858 6
9859 3
9860 2
9861 7
9862 4
9863 15
9864 73
9865 33
9866 1
9867 11
9868 3
9869 3
9870 1
9871 6
9872 2
9873 40
9874 1
9875 1
9876 19
9877 27
9878 2
9879 15
9880 10
9881 1
9882 12
9883 2
9884 2
9885 4
9886 3
9887 1
9888 23
9889 5
9890 4
9891 2
9892 6
9893 1
9894 2
9895 10
9896 3
9897 274
9898 71
9899 2
9900 8
9901 267
9902 1
9903 2
9904 1
9905 2
9906 1
9907 9
9908 1
9909 16
9910 3
9911 1
9912 6
9913 27
9914 2
9915 1
9916 1
9917 2
9918 5
9919 5
9920 3
9921 1
9922 1
9923 10
9924 5
9925 1
9926 20
9927 1
9928 2
9929 6
9930 4
9931 1
9932 3
9933 1
9934 3
9935 2
9936 2
9937 2
9938 3
9939 2
9940 10
9941 1
9942 3
9943 3
9944 8
9945 2
9946 8
9947 2
9948 9
9949 1
9950 33
9951 364
9952 1
9953 3
9954 2
9955 5
9956 1
9957 1
9958 20
9959 2
9960 2
9961 7
9962 1
9963 1
9964 1
9965 3
9966 2
9967 2
9968 1
9969 208
9970 1
9971 3
9972 1
9973 1
9974 1
9975 9
9976 2
9977 1
9978 1
9979 1
9980 3
9981 2
9982 2
9983 22
9984 2
9985 3
9986 13
9987 1
9988 4
9989 1
9990 6
9991 1
9992 20
9993 1
9994 1
9995 1
9996 27
9997 2
9998 1
9999 6
10000 1







