1 1
2 1
3 1
4 2
5 2
6 1
7 2
8 1
9 2
10 4
11 2
12 4
13 1
14 4
15 2
16 3
17 6
18 6
19 4
20 3
21 4
22 4
23 2
24 2
25 6
26 4
27 8
28 4
29 1
30 4
31 5
32 2
33 6
34 4
35 4
36 2
37 3
38 6
39 8
40 8
41 8
42 1
43 8
44 4
45 7
46 4
47 10
48 8
49 4
50 5
51 4
52 3
53 4
54 10
55 6
56 12
57 2
58 4
59 8
60 8
61 4
62 14
63 4
64 5
65 8
66 6
67 3
68 6
69 12
70 8
71 8
72 8
73 2
74 6
75 10
76 10
77 2
78 5
79 12
80 4
81 5
82 4
83 14
84 8
85 8
86 3
87 8
88 4
89 10
90 8
91 16
92 14
93 7
94 8
95 4
96 6
97 8
98 10
99 16
100 1
101 8
102 10
103 11
104 12
105 14
106 12
107 4
108 8
109 5
110 10
111 12
112 8
113 16
114 12
115 2
116 4
117 13
118 4
119 20
120 4
121 10
122 9
123 12
124 6
125 4
126 8
127 20
128 20
129 8
130 3
131 8
132 6
133 14
134 8
135 10
136 4
137 16
138 12
139 7
140 8
141 5
142 10
143 20
144 12
145 12
146 2
147 12
148 8
149 15
150 12
151 12
152 6
153 12
154 7
155 4
156 16
157 12
158 16
159 8
160 4
161 6
162 13
163 8
164 20
165 2
166 22
167 11
168 8
169 12
170 6
171 14
172 20
173 8
174 3
175 16
176 12
177 14
178 20
179 4
180 18
181 8
182 6
183 8
184 8
185 12
186 10
187 16
188 3
189 12
190 8
191 19
192 8
193 26
194 10
195 12
196 10
197 20
198 8
199 4
200 22
201 12
202 24
203 8
204 3
205 12
206 18
207 8
208 6
209 28
210 8
211 10
212 5
213 14
214 16
215 16
216 4
217 8
218 6
219 19
220 18
221 20
222 12
223 9
224 12
225 8
226 10
227 28
228 16
229 3
230 20
231 8
232 17
233 8
234 20
235 22
236 16
237 14
238 12
239 10
240 8
241 6
242 20
243 16
244 20
245 16
246 2
247 16
248 16
249 16
250 16
251 6
252 20
253 10
254 12
255 8
256 9
257 10
258 10
259 24
260 2
261 16
262 12
263 21
264 12
265 24
266 4
267 20
268 8
269 15
270 8
271 5
272 8
273 32
274 14
275 20
276 6
277 12
278 14
279 20
280 8
281 26
282 30
283 8
284 7
285 16
286 8
287 7
288 16
289 20
290 16
291 12
292 20
293 8
294 25
295 16
296 20
297 4
298 20
299 7
300 20
301 9
302 12
303 28
304 24
305 8
306 3
307 16
308 14
309 21
310 8
311 28
312 30
313 16
314 14
315 16
316 6
317 12
318 16
319 18
320 32
321 5
322 12
323 18
324 28
325 12
326 20
327 14
328 12
329 10
330 10
331 24
332 12
333 32
334 24
335 3
336 26
337 8
338 22
339 4
340 18
341 16
342 16
343 8
344 9
345 12
346 30
347 32
348 16
349 5
350 16
351 16
352 8
353 8
354 28
355 16
356 8
357 18
358 7
359 16
360 20
361 22
362 24
363 4
364 12
365 8
366 25
367 20
368 24
369 12
370 13
371 16
372 12
373 10
374 10
375 34
376 20
377 12
378 12
379 5
380 12
381 22
382 36
383 4
384 36
385 13
386 20
387 14
388 10
389 20
390 28
391 16
392 3
393 16
394 16
395 23
396 20
397 8
398 14
399 28
400 12
401 8
402 11
403 18
404 22
405 16
406 24
407 4
408 12
409 12
410 30
411 12
412 24
413 30
414 20
415 18
416 20
417 12
418 5
419 12
420 12
421 40
422 16
423 5
424 10
425 24
426 8
427 26
428 10
429 34
430 14
431 24
432 24
433 6
434 10
435 32
436 24
437 24
438 4
439 16
440 12
441 31
442 16
443 4
444 13
445 12
446 12
447 14
448 40
449 20
450 5
451 24
452 8
453 21
454 16
455 26
456 32
457 15
458 12
459 20
460 12
461 10
462 22
463 24
464 40
465 12
466 4
467 24
468 22
469 20
470 32
471 6
472 26
473 16
474 14
475 10
476 20
477 24
478 16
479 16
480 5
481 32
482 16
483 32
484 8
485 42
486 4
487 30
488 16
489 16
490 12
491 10
492 16
493 28
494 14
495 32
496 7
497 12
498 12
499 30
500 12
501 28
502 30
503 20
504 9
505 12
506 7
507 22
508 20
509 28
510 16
511 6
512 14
513 33
514 26
515 6
516 28
517 10
518 10
519 44
520 32
521 16
522 7
523 24
524 8
525 21
526 16
527 44
528 32
529 16
530 22
531 20
532 10
533 20
534 22
535 40
536 3
537 24
538 18
539 29
540 16
541 24
542 28
543 28
544 16
545 16
546 12
547 14
548 24
549 28
550 16
551 24
552 28
553 3
554 16
555 31
556 12
557 36
558 8
559 20
560 19
561 20
562 18
563 10
564 40
565 36
566 24
567 16
568 26
569 28
570 20
571 16
572 8
573 46
574 12
575 16
576 16
577 5
578 12
579 26
580 32
581 4
582 16
583 16
584 36
585 28
586 44
587 24
588 11
589 24
590 12
591 15
592 12
593 36
594 20
595 24
596 8
597 10
598 27
599 24
600 44
601 8
602 36
603 17
604 12
605 16
606 8
607 14
608 26
609 40
610 16
611 4
612 16
613 20
614 30
615 20
616 28
617 12
618 26
619 16
620 18
621 13
622 22
623 32
624 16
625 4
626 12
627 35
628 12
629 44
630 20
631 12
632 23
633 36
634 12
635 8
636 16
637 42
638 16
639 44
640 5
641 16
642 36
643 16
644 6
645 26
646 19
647 16
648 20
649 12
650 30
651 36
652 24
653 32
654 24
655 34
656 16
657 22
658 32
659 28
660 9
661 12
662 17
663 10
664 26
665 28
666 36
667 6
668 28
669 20
670 23
671 16
672 48
673 50
674 16
675 22
676 16
677 22
678 10
679 14
680 36
681 32
682 44
683 16
684 5
685 22
686 16
687 44
688 8
689 28
690 18
691 20
692 12
693 16
694 24
695 18
696 24
697 32
698 6
699 16
700 41
701 16
702 56
703 8
704 28
705 24
706 16
707 12
708 7
709 20
710 36
711 22
712 48
713 7
714 24
715 30
716 12
717 16
718 46
719 20
720 16
721 24
722 9
723 20
724 40
725 24
726 36
727 28
728 8
729 12
730 38
731 16
732 24
733 6
734 40
735 18
736 40
737 14
738 10
739 40
740 32
741 24
742 6
743 32
744 12
745 35
746 42
747 4
748 38
749 24
750 27
751 24
752 12
753 14
754 42
755 32
756 32
757 4
758 32
759 16
760 26
761 32
762 32
763 24
764 12
765 20
766 12
767 15
768 20
769 36
770 20
771 40
772 32
773 6
774 20
775 40
776 20
777 34
778 23
779 24
780 12
781 11
782 12
783 58
784 36
785 16
786 9
787 24
788 28
789 36
790 12
791 32
792 8
793 50
794 16
795 11
796 18
797 11
798 24
799 36
800 28
801 24
802 6
803 20
804 10
805 45
806 24
807 42
808 40
809 15
810 36
811 24
812 20
813 32
814 28
815 24
816 20
817 8
818 20
819 34
820 16
821 28
822 6
823 56
824 24
825 16
826 22
827 12
828 16
829 24
830 60
831 24
832 6
833 16
834 18
835 25
836 44
837 12
838 18
839 28
840 20
841 16
842 26
843 38
844 18
845 48
846 4
847 28
848 20
849 44
850 16
851 48
852 24
853 20
854 27
855 28
856 14
857 14
858 24
859 44
860 24
861 36
862 32
863 4
864 28
865 34
866 16
867 34
868 12
869 9
870 32
871 15
872 22
873 32
874 36
875 32
876 4
877 24
878 16
879 39
880 28
881 24
882 8
883 32
884 23
885 13
886 14
887 60
888 28
889 24
890 11
891 28
892 16
893 32
894 16
895 58
896 56
897 23
898 28
899 16
900 16
901 30
902 28
903 52
904 24
905 7
906 20
907 37
908 20
909 36
910 12
911 22
912 20
913 20
914 16
915 13
916 24
917 24
918 40
919 24
920 4
921 40
922 16
923 49
924 16
925 50
926 12
927 48
928 24
929 20
930 7
931 48
932 14
933 52
934 11
935 24
936 20
937 38
938 16
939 44
940 36
941 20
942 19
943 24
944 34
945 12
946 18
947 32
948 40
949 24
950 4
951 12
952 51
953 32
954 28
955 6
956 28
957 15
958 28
959 20
960 17
961 54
962 28
963 16
964 9
965 40
966 16
967 33
968 24
969 44
970 52
971 32
972 22
973 34
974 16
975 14
976 32
977 36
978 56
979 6
980 16
981 28
982 27
983 28
984 32
985 42
986 28
987 24
988 12
989 15
990 18
991 30
992 28
993 20
994 7
995 28
996 44
997 16
998 64
999 8
1000 38
1001 22
1002 44
1003 14
1004 10
1005 16
1006 44
1007 48
1008 8
1009 16
1010 22
1011 44
1012 16
1013 42
1014 8
1015 48
1016 20
1017 17
1018 13
1019 26
1020 28
1021 38
1022 32
1023 16
1024 20
1025 52
1026 52
1027 44
1028 18
1029 36
1030 18
1031 22
1032 20
1033 28
1034 16
1035 11
1036 20
1037 28
1038 16
1039 58
1040 10
1041 42
1042 28
1043 36
1044 20
1045 16
1046 46
1047 52
1048 24
1049 5
1050 24
1051 36
1052 24
1053 36
1054 8
1055 34
1056 26
1057 16
1058 20
1059 26
1060 44
1061 24
1062 40
1063 5
1064 40
1065 48
1066 20
1067 38
1068 28
1069 20
1070 27
1071 20
1072 24
1073 12
1074 20
1075 50
1076 32
1077 64
1078 40
1079 8
1080 20
1081 24
1082 40
1083 10
1084 68
1085 17
1086 32
1087 20
1088 7
1089 26
1090 52
1091 36
1092 32
1093 8
1094 24
1095 20
1096 50
1097 28
1098 32
1099 8
1100 40
1101 12
1102 20
1103 23
1104 46
1105 40
1106 10
1107 36
1108 16
1109 45
1110 56
1111 40
1112 24
1113 19
1114 24
1115 36
1116 10
1117 24
1118 28
1119 40
1120 40
1121 16
1122 6
1123 28
1124 43
1125 14
1126 36
1127 28
1128 20
1129 20
1130 38
1131 48
1132 32
1133 5
1134 40
1135 16
1136 45
1137 12
1138 56
1139 34
1140 24
1141 27
1142 18
1143 14
1144 16
1145 64
1146 20
1147 72
1148 10
1149 20
1150 30
1151 48
1152 16
1153 28
1154 42
1155 36
1156 22
1157 24
1158 20
1159 13
1160 28
1161 56
1162 36
1163 48
1164 6
1165 16
1166 44
1167 40
1168 10
1169 18
1170 28
1171 20
1172 21
1173 18
1174 52
1175 48
1176 32
1177 8
1178 24
1179 22
1180 32
1181 16
1182 68
1183 8
1184 70
1185 33
1186 28
1187 12
1188 16
1189 32
1190 42
1191 32
1192 6
1193 40
1194 36
1195 36
1196 20
1197 52
1198 42
1199 32
1200 36
1201 12
1202 23
1203 20
1204 24
1205 16
1206 40
1207 48
1208 7
1209 24
1210 56
1211 24
1212 54
1213 8
1214 42
1215 27
1216 48
1217 16
1218 9
1219 32
1220 48
1221 32
1222 7
1223 16
1224 36
1225 52
1226 12
1227 28
1228 16
1229 68
1230 24
1231 34
1232 11
1233 34
1234 40
1235 38
1236 28
1237 8
1238 24
1239 18
1240 45
1241 32
1242 50
1243 48
1244 32
1245 18
1246 36
1247 18
1248 18
1249 72
1250 28
1251 8
1252 12
1253 45
1254 24
1255 56
1256 8
1257 38
1258 30
1259 20
1260 20
1261 16
1262 40
1263 60
1264 24
1265 7
1266 32
1267 24
1268 35
1269 44
1270 48
1271 12
1272 40
1273 28
1274 16
1275 24
1276 19
1277 20
1278 26
1279 34
1280 48
1281 40
1282 28
1283 49
1284 16
1285 56
1286 36
1287 20
1288 34
1289 40
1290 18
1291 14
1292 60
1293 28
1294 56
1295 32
1296 13
1297 32
1298 44
1299 16
1300 42
1301 8
1302 78
1303 13
1304 32
1305 28
1306 14
1307 28
1308 32
1309 40
1310 12
1311 24
1312 20
1313 60
1314 36
1315 56
1316 8
1317 28
1318 18
1319 16
1320 14
1321 20
1322 64
1323 40
1324 7
1325 36
1326 22
1327 42
1328 24
1329 42
1330 60
1331 24
1332 30
1333 24
1334 32
1335 16
1336 36
1337 36
1338 64
1339 20
1340 5
1341 32
1342 39
1343 56
1344 16
1345 42
1346 22
1347 28
1348 26
1349 24
1350 18
1351 52
1352 40
1353 6
1354 48
1355 20
1356 58
1357 16
1358 34
1359 12
1360 30
1361 28
1362 35
1363 16
1364 15
1365 32
1366 78
1367 20
1368 40
1369 7
1370 36
1371 40
1372 24
1373 28
1374 72
1375 24
1376 22
1377 32
1378 36
1379 11
1380 30
1381 28
1382 44
1383 48
1384 56
1385 24
1386 56
1387 20
1388 40
1389 6
1390 60
1391 29
1392 32
1393 20
1394 18
1395 14
1396 76
1397 40
1398 32
1399 48
1400 16
1401 24
1402 64
1403 8
1404 66
1405 32
1406 29
1407 28
1408 18
1409 24
1410 36
1411 30
1412 60
1413 8
1414 22
1415 48
1416 32
1417 60
1418 34
1419 44
1420 14
1421 32
1422 24
1423 19
1424 30
1425 42
1426 32
1427 56
1428 24
1429 5
1430 63
1431 16
1432 56
1433 12
1434 42
1435 28
1436 36
1437 26
1438 10
1439 32
1440 72
1441 24
1442 13
1443 24
1444 22
1445 16
1446 60
1447 16
1448 38
1449 28
1450 29
1451 32
1452 12
1453 34
1454 48
1455 34
1456 60
1457 8
1458 32
1459 20
1460 59
1461 40
1462 40
1463 60
1464 20
1465 40
1466 16
1467 23
1468 24
1469 72
1470 40
1471 36
1472 24
1473 8
1474 20
1475 33
1476 54
1477 14
1478 56
1479 28
1480 20
1481 32
1482 22
1483 18
1484 28
1485 76
1486 32
1487 6
1488 32
1489 28
1490 37
1491 40
1492 8
1493 52
1494 32
1495 28
1496 18
1497 19
1498 36
1499 32
1500 34
1501 32
1502 7
1503 52
1504 32
1505 62
1506 20
1507 78
1508 38
1509 32
1510 24
1511 52
1512 24
1513 20
1514 24
1515 56
1516 20
1517 44
1518 32
1519 12
1520 20
1521 56
1522 28
1523 40
1524 56
1525 21
1526 40
1527 32
1528 14
1529 28
1530 52
1531 32
1532 40
1533 6
1534 24
1535 30
1536 64
1537 32
1538 36
1539 60
1540 24
1541 17
1542 16
1543 60
1544 60
1545 11
1546 16
1547 35
1548 24
1549 64
1550 70
1551 41
1552 24
1553 38
1554 12
1555 18
1556 64
1557 40
1558 64
1559 24
1560 6
1561 18
1562 44
1563 32
1564 44
1565 14
1566 44
1567 20
1568 16
1569 21
1570 36
1571 50
1572 40
1573 56
1574 8
1575 32
1576 24
1577 57
1578 24
1579 44
1580 12
1581 24
1582 30
1583 26
1584 20
1585 16
1586 60
1587 28
1588 84
1589 8
1590 24
1591 46
1592 46
1593 32
1594 40
1595 62
1596 24
1597 22
1598 36
1599 12
1600 24
1601 60
1602 48
1603 32
1604 36
1605 12
1606 20
1607 64
1608 20
1609 52
1610 10
1611 15
1612 44
1613 26
1614 24
1615 48
1616 32
1617 24
1618 13
1619 48
1620 43
1621 32
1622 68
1623 8
1624 64
1625 40
1626 23
1627 32
1628 22
1629 40
1630 52
1631 72
1632 5
1633 24
1634 32
1635 51
1636 24
1637 60
1638 42
1639 60
1640 24
1641 24
1642 15
1643 48
1644 48
1645 28
1646 72
1647 32
1648 7
1649 24
1650 53
1651 24
1652 80
1653 8
1654 32
1655 41
1656 52
1657 20
1658 12
1659 68
1660 80
1661 32
1662 11
1663 32
1664 28
1665 62
1666 16
1667 16
1668 58
1669 32
1670 20
1671 38
1672 18
1673 42
1674 40
1675 28
1676 8
1677 44
1678 24
1679 54
1680 28
1681 26
1682 56
1683 28
1684 21
1685 40
1686 36
1687 26
1688 16
1689 56
1690 40
1691 36
1692 14
1693 28
1694 32
1695 72
1696 6
1697 82
1698 39
1699 24
1700 12
1701 18
1702 44
1703 60
1704 24
1705 9
1706 48
1707 36
1708 52
1709 40
1710 16
1711 60
1712 40
1713 22
1714 20
1715 21
1716 32
1717 48
1718 26
1719 8
1720 32
1721 20
1722 68
1723 32
1724 84
1725 46
1726 40
1727 26
1728 44
1729 15
1730 32
1731 72
1732 32
1733 64
1734 11
1735 26
1736 60
1737 20
1738 38
1739 18
1740 66
1741 22
1742 32
1743 40
1744 12
1745 40
1746 56
1747 40
1748 40
1749 16
1750 57
1751 28
1752 64
1753 36
1754 40
1755 25
1756 16
1757 68
1758 36
1759 36
1760 10
1761 52
1762 18
1763 59
1764 24
1765 66
1766 70
1767 40
1768 42
1769 28
1770 24
1771 24
1772 22
1773 34
1774 40
1775 64
1776 44
1777 6
1778 40
1779 31
1780 40
1781 28
1782 14
1783 44
1784 22
1785 24
1786 24
1787 29
1788 28
1789 40
1790 64
1791 32
1792 8
1793 32
1794 54
1795 24
1796 80
1797 12
1798 54
1799 32
1800 40
1801 16
1802 13
1803 20
1804 86
1805 44
1806 52
1807 11
1808 28
1809 48
1810 24
1811 60
1812 80
1813 24
1814 20
1815 32
1816 30
1817 20
1818 40
1819 48
1820 48
1821 64
1822 8
1823 18
1824 73
1825 40
1826 56
1827 8
1828 56
1829 20
1830 56
1831 32
1832 21
1833 32
1834 48
1835 48
1836 24
1837 7
1838 32
1839 28
1840 47
1841 48
1842 12
1843 72
1844 48
1845 34
1846 40
1847 18
1848 18
1849 42
1850 84
1851 12
1852 32
1853 34
1854 38
1855 28
1856 40
1857 44
1858 36
1859 28
1860 32
1861 24
1862 30
1863 46
1864 16
1865 72
1866 40
1867 7
1868 20
1869 76
1870 24
1871 52
1872 44
1873 41
1874 48
1875 20
1876 13
1877 28
1878 84
1879 40
1880 56
1881 10
1882 48
1883 24
1884 48
1885 28
1886 54
1887 20
1888 64
1889 24
1890 20
1891 32
1892 18
1893 30
1894 64
1895 52
1896 44
1897 12
1898 20
1899 20
1900 69
1901 40
1902 32
1903 52
1904 24
1905 48
1906 28
1907 20
1908 20
1909 88
1910 40
1911 56
1912 24
1913 10
1914 30
1915 56
1916 32
1917 10
1918 84
1919 22
1920 36
1921 32
1922 20
1923 24
1924 42
1925 56
1926 40
1927 9
1928 32
1929 32
1930 53
1931 36
1932 68
1933 16
1934 40
1935 20
1936 54
1937 28
1938 34
1939 7
1940 52
1941 24
1942 69
1943 16
1944 74
1945 64
1946 32
1947 32
1948 32
1949 24
1950 11
1951 24
1952 60
1953 32
1954 80
1955 32
1956 44
1957 50
1958 16
1959 56
1960 20
1961 62
1962 30
1963 38
1964 14
1965 34
1966 72
1967 56
1968 6
1969 32
1970 18
1971 70
1972 40
1973 42
1974 8
1975 48
1976 52
1977 32
1978 31
1979 34
1980 78
1981 40
1982 36
1983 9
1984 44
1985 32
1986 48
1987 24
1988 72
1989 60
1990 24
1991 27
1992 36
1993 30
1994 28
1995 36
1996 52
1997 80
1998 40
1999 52
2000 34
2001 48
2002 64
2003 10
2004 44
2005 32
2006 40
2007 16
2008 27
2009 34
2010 64
2011 48
2012 48
2013 9
2014 48
2015 36
2016 72
2017 24
2018 84
2019 8
2020 56
2021 32
2022 41
2023 16
2024 17
2025 48
2026 26
2027 76
2028 15
2029 32
2030 30
2031 64
2032 24
2033 50
2034 72
2035 36
2036 19
2037 40
2038 40
2039 11
2040 28
2041 60
2042 40
2043 48
2044 8
2045 32
2046 69
2047 24
2048 16
2049 76
2050 20
2051 28
2052 36
2053 21
2054 26
2055 72
2056 68
2057 24
2058 16
2059 20
2060 46
2061 24
2062 66
2063 12
2064 50
2065 32
2066 37
2067 52
2068 20
2069 20
2070 58
2071 40
2072 92
2073 8
2074 48
2075 28
2076 57
2077 48
2078 40
2079 42
2080 44
2081 38
2082 24
2083 22
2084 28
2085 44
2086 52
2087 40
2088 48
2089 6
2090 66
2091 24
2092 72
2093 16
2094 32
2095 30
2096 40
2097 40
2098 16
2099 24
2100 58
2101 100
2102 12
2103 32
2104 44
2105 52
2106 28
2107 40
2108 12
2109 94
2110 32
2111 19
2112 26
2113 19
2114 30
2115 76
2116 60
2117 40
2118 32
2119 24
2120 46
2121 72
2122 48
2123 28
2124 68
2125 20
2126 23
2127 32
2128 78
2129 36
2130 32
2131 40
2132 11
2133 16
2134 52
2135 32
2136 104
2137 8
2138 41
2139 36
2140 36
2141 20
2142 30
2143 48
2144 56
2145 32
2146 6
2147 48
2148 65
2149 28
2150 52
2151 16
2152 70
2153 56
2154 28
2155 28
2156 23
2157 38
2158 48
2159 18
2160 72
2161 9
2162 58
2163 24
2164 72
2165 34
2166 28
2167 45
2168 76
2169 28
2170 22
2171 24
2172 100
2173 20
2174 68
2175 32
2176 15
2177 38
2178 38
2179 14
2180 50
2181 29
2182 48
2183 32
2184 22
2185 44
2186 56
2187 40
2188 56
2189 8
2190 32
2191 24
2192 66
2193 40
2194 48
2195 16
2196 80
2197 32
2198 19
2199 26
2200 26
2201 60
2202 48
2203 60
2204 12
2205 40
2206 26
2207 45
2208 92
2209 43
2210 24
2211 24
2212 10
2213 22
2214 60
2215 60
2216 76
2217 28
2218 9
2219 32
2220 54
2221 40
2222 18
2223 60
2224 20
2225 40
2226 24
2227 29
2228 28
2229 52
2230 48
2231 48
2232 10
2233 48
2234 36
2235 81
2236 28
2237 88
2238 34
2239 28
2240 32
2241 32
2242 10
2243 40
2244 44
2245 42
2246 80
2247 13
2248 28
2249 36
2250 72
2251 20
2252 90
2253 44
2254 32
2255 52
2256 14
2257 42
2258 56
2259 36
2260 64
2261 48
2262 14
2263 67
2264 54
2265 12
2266 31
2267 40
2268 28
2269 28
2270 18
2271 82
2272 64
2273 24
2274 11
2275 64
2276 24
2277 56
2278 24
2279 76
2280 12
2281 56
2282 34
2283 20
2284 68
2285 52
2286 80
2287 6
2288 40
2289 36
2290 39
2291 48
2292 72
2293 48
2294 28
2295 24
2296 31
2297 28
2298 44
2299 48
2300 48
2301 68
2302 8
2303 36
2304 68
2305 36
2306 80
2307 16
2308 58
2309 46
2310 40
2311 22
2312 15
2313 32
2314 100
2315 64
2316 40
2317 10
2318 40
2319 46
2320 56
2321 20
2322 60
2323 16
2324 94
2325 29
2326 32
2327 22
2328 40
2329 44
2330 42
2331 44
2332 12
2333 28
2334 28
2335 82
2336 48
2337 40
2338 56
2339 68
2340 23
2341 60
2342 25
2343 26
2344 40
2345 44
2346 64
2347 40
2348 10
2349 26
2350 61
2351 24
2352 46
2353 14
2354 92
2355 28
2356 52
2357 30
2358 72
2359 72
2360 24
2361 8
2362 48
2363 36
2364 36
2365 84
2366 24
2367 40
2368 48
2369 32
2370 26
2371 24
2372 40
2373 64
2374 26
2375 64
2376 7
2377 68
2378 24
2379 83
2380 24
2381 64
2382 42
2383 44
2384 39
2385 36
2386 20
2387 23
2388 100
2389 40
2390 88
2391 40
2392 11
2393 32
2394 66
2395 24
2396 48
2397 16
2398 60
2399 27
2400 40
2401 50
2402 17
2403 32
2404 60
2405 48
2406 12
2407 24
2408 22
2409 68
2410 48
2411 60
2412 8
2413 64
2414 60
2415 33
2416 28
2417 20
2418 98
2419 56
2420 20
2421 68
2422 28
2423 44
2424 24
2425 92
2426 98
2427 48
2428 30
2429 30
2430 28
2431 24
2432 40
2433 48
2434 72
2435 32
2436 13
2437 30
2438 57
2439 36
2440 72
2441 20
2442 42
2443 20
2444 48
2445 19
2446 62
2447 54
2448 48
2449 9
2450 40
2451 40
2452 84
2453 24
2454 68
2455 12
2456 52
2457 40
2458 42
2459 36
2460 16
2461 40
2462 40
2463 72
2464 11
2465 32
2466 38
2467 68
2468 20
2469 54
2470 80
2471 28
2472 24
2473 64
2474 48
2475 40
2476 72
2477 40
2478 56
2479 40
2480 28
2481 85
2482 48
2483 52
2484 10
2485 56
2486 30
2487 40
2488 24
2489 33
2490 26
2491 96
2492 32
2493 56
2494 15
2495 48
2496 20
2497 42
2498 48
2499 58
2500 92
2501 32
2502 39
2503 22
2504 24
2505 56
2506 54
2507 88
2508 8
2509 32
2510 49
2511 36
2512 56
2513 78
2514 40
2515 46
2516 32
2517 30
2518 19
2519 28
2520 52
2521 44
2522 48
2523 56
2524 12
2525 74
2526 20
2527 96
2528 12
2529 82
2530 31
2531 64
2532 20
2533 22
2534 66
2535 84
2536 48
2537 16
2538 32
2539 44
2540 40
2541 56
2542 16
2543 60
2544 56
2545 28
2546 40
2547 14
2548 36
2549 68
2550 60
2551 56
2552 8
2553 36
2554 42
2555 88
2556 36
2557 52
2558 52
2559 26
2560 56
2561 28
2562 23
2563 28
2564 44
2565 52
2566 24
2567 15
2568 24
2569 44
2570 104
2571 10
2572 78
2573 51
2574 40
2575 52
2576 24
2577 44
2578 108
2579 40
2580 9
2581 48
2582 36
2583 62
2584 32
2585 16
2586 42
2587 76
2588 36
2589 24
2590 35
2591 34
2592 54
2593 72
2594 8
2595 68
2596 32
2597 65
2598 24
2599 84
2600 48
2601 32
2602 28
2603 44
2604 26
2605 21
2606 36
2607 80
2608 48
2609 112
2610 48
2611 12
2612 36
2613 48
2614 36
2615 44
2616 18
2617 88
2618 34
2619 32
2620 36
2621 18
2622 36
2623 56
2624 36
2625 40
2626 14
2627 40
2628 32
2629 84
2630 32
2631 76
2632 8
2633 64
2634 19
2635 36
2636 34
2637 28
2638 76
2639 36
2640 17
2641 52
2642 20
2643 64
2644 48
2645 100
2646 42
2647 44
2648 44
2649 48
2650 20
2651 30
2652 42
2653 60
2654 36
2655 9
2656 52
2657 68
2658 48
2659 56
2660 20
2661 70
2662 44
2663 36
2664 16
2665 32
2666 64
2667 96
2668 48
2669 8
2670 48
2671 24
2672 79
2673 24
2674 20
2675 54
2676 28
2677 50
2678 32
2679 20
2680 24
2681 98
2682 40
2683 68
2684 12
2685 44
2686 32
2687 66
2688 24
2689 90
2690 32
2691 33
2692 26
2693 16
2694 60
2695 92
2696 48
2697 56
2698 48
2699 10
2700 24
2701 76
2702 56
2703 38
2704 14
2705 64
2706 17
2707 52
2708 29
2709 24
2710 76
2711 60
2712 48
2713 56
2714 40
2715 55
2716 40
2717 64
2718 12
2719 92
2720 32
2721 44
2722 26
2723 48
2724 70
2725 64
2726 9
2727 48
2728 50
2729 60
2730 88
2731 38
2732 72
2733 32
2734 36
2735 28
2736 34
2737 52
2738 54
2739 24
2740 64
2741 76
2742 13
2743 24
2744 84
2745 24
2746 92
2747 16
2748 54
2749 29
2750 72
2751 24
2752 21
2753 56
2754 80
2755 40
2756 12
2757 24
2758 54
2759 70
2760 24
2761 58
2762 20
2763 108
2764 44
2765 28
2766 40
2767 17
2768 58
2769 56
2770 80
2771 12
2772 20
2773 72
2774 36
2775 72
2776 48
2777 36
2778 33
2779 60
2780 28
2781 28
2782 28
2783 96
2784 64
2785 40
2786 10
2787 28
2788 61
2789 24
2790 86
2791 12
2792 84
2793 49
2794 28
2795 44
2796 24
2797 38
2798 68
2799 32
2800 7
2801 64
2802 40
2803 44
2804 52
2805 28
2806 40
2807 40
2808 36
2809 26
2810 36
2811 26
2812 52
2813 36
2814 10
2815 44
2816 36
2817 76
2818 32
2819 72
2820 78
2821 36
2822 51
2823 64
2824 24
2825 13
2826 32
2827 88
2828 32
2829 88
2830 17
2831 44
2832 24
2833 64
2834 14
2835 92
2836 33
2837 48
2838 46
2839 22
2840 32
2841 68
2842 52
2843 80
2844 40
2845 18
2846 91
2847 48
2848 62
2849 16
2850 44
2851 56
2852 16
2853 32
2854 21
2855 90
2856 44
2857 56
2858 12
2859 36
2860 32
2861 75
2862 40
2863 68
2864 92
2865 64
2866 44
2867 28
2868 50
2869 24
2870 24
2871 64
2872 88
2873 40
2874 9
2875 44
2876 54
2877 40
2878 80
2879 20
2880 58
2881 42
2882 36
2883 32
2884 26
2885 40
2886 62
2887 80
2888 56
2889 8
2890 80
2891 91
2892 76
2893 12
2894 52
2895 56
2896 55
2897 34
2898 20
2899 36
2900 80
2901 32
2902 84
2903 12
2904 40
2905 40
2906 32
2907 42
2908 112
2909 28
2910 23
2911 48
2912 40
2913 25
2914 30
2915 48
2916 68
2917 72
2918 64
2919 12
2920 48
2921 63
2922 56
2923 14
2924 40
2925 72
2926 32
2927 22
2928 30
2929 108
2930 56
2931 32
2932 18
2933 56
2934 38
2935 48
2936 120
2937 12
2938 104
2939 32
2940 33
2941 36
2942 30
2943 36
2944 40
2945 58
2946 64
2947 8
2948 32
2949 44
2950 74
2951 48
2952 64
2953 52
2954 20
2955 36
2956 40
2957 30
2958 58
2959 40
2960 52
2961 56
2962 56
2963 8
2964 44
2965 91
2966 20
2967 74
2968 66
2969 52
2970 60
2971 24
2972 18
2973 44
2974 84
2975 88
2976 32
2977 20
2978 40
2979 40
2980 64
2981 36
2982 72
2983 16
2984 32
2985 27
2986 36
2987 12
2988 30
2989 92
2990 50
2991 10
2992 48
2993 22
2994 91
2995 48
2996 44
2997 60
2998 34
2999 56
3000 32
3001 35
3002 26
3003 106
3004 48
3005 44
3006 36
3007 16
3008 24
3009 55
3010 40
3011 80
3012 12
3013 31
3014 32
3015 50
3016 28
3017 26
3018 52
3019 48
3020 12
3021 48
3022 56
3023 59
3024 56
3025 56
3026 16
3027 66
3028 44
3029 24
3030 30
3031 32
3032 88
3033 52
3034 56
3035 9
3036 84
3037 44
3038 92
3039 32
3040 96
3041 60
3042 33
3043 76
3044 32
3045 15
3046 32
3047 84
3048 36
3049 60
3050 48
3051 21
3052 36
3053 88
3054 32
3055 76
3056 20
3057 78
3058 25
3059 40
3060 14
3061 52
3062 60
3063 72
3064 72
3065 12
3066 32
3067 28
3068 83
3069 36
3070 104
3071 29
3072 40
3073 36
3074 80
3075 19
3076 40
3077 30
3078 36
3079 24
3080 120
3081 72
3082 50
3083 48
3084 56
3085 22
3086 54
3087 64
3088 116
3089 8
3090 32
3091 69
3092 32
3093 52
3094 14
3095 44
3096 48
3097 36
3098 22
3099 39
3100 46
3101 68
3102 72
3103 80
3104 7
3105 64
3106 40
3107 78
3108 44
3109 70
3110 16
3111 64
3112 28
3113 39
3114 28
3115 26
3116 100
3117 38
3118 88
3119 10
3120 40
3121 64
3122 56
3123 28
3124 64
3125 72
3126 36
3127 40
3128 36
3129 19
3130 44
3131 68
3132 36
3133 40
3134 12
3135 38
3136 88
3137 40
3138 68
3139 10
3140 84
3141 33
3142 76
3143 40
3144 35
3145 24
3146 56
3147 56
3148 48
3149 11
3150 48
3151 24
3152 80
3153 32
3154 112
3155 16
3156 98
3157 64
3158 40
3159 16
3160 34
3161 56
3162 74
3163 96
3164 48
3165 48
3166 56
3167 44
3168 72
3169 68
3170 72
3171 32
3172 32
3173 28
3174 24
3175 60
3176 56
3177 32
3178 40
3179 15
3180 28
3181 75
3182 24
3183 84
3184 24
3185 46
3186 44
3187 42
3188 24
3189 100
3190 120
3191 14
3192 56
3193 48
3194 92
3195 32
3196 56
3197 12
3198 82
3199 52
3200 28
3201 52
3202 14
3203 56
3204 56
3205 64
3206 40
3207 52
3208 24
3209 87
3210 52
3211 64
3212 72
3213 44
3214 34
3215 40
3216 36
3217 24
3218 84
3219 60
3220 72
3221 40
3222 12
3223 28
3224 55
3225 40
3226 72
3227 12
3228 106
3229 46
3230 48
3231 32
3232 18
3233 20
3234 62
3235 88
3236 32
3237 15
3238 52
3239 58
3240 104
3241 20
3242 62
3243 80
3244 32
3245 24
3246 34
3247 64
3248 36
3249 48
3250 13
3251 44
3252 93
3253 48
3254 118
3255 60
3256 40
3257 48
3258 60
3259 24
3260 16
3261 40
3262 90
3263 40
3264 88
3265 56
3266 12
3267 56
3268 20
3269 64
3270 24
3271 126
3272 22
3273 48
3274 50
3275 23
3276 60
3277 72
3278 40
3279 12
3280 40
3281 30
3282 79
3283 36
3284 64
3285 16
3286 64
3287 40
3288 43
3289 44
3290 34
3291 18
3292 114
3293 72
3294 13
3295 64
3296 28
3297 68
3298 52
3299 76
3300 72
3301 57
3302 36
3303 32
3304 26
3305 30
3306 80
3307 68
3308 56
3309 9
3310 48
3311 60
3312 56
3313 28
3314 56
3315 36
3316 32
3317 36
3318 34
3319 44
3320 46
3321 88
3322 80
3323 8
3324 56
3325 36
3326 71
3327 40
3328 112
3329 74
3330 32
3331 43
3332 26
3333 17
3334 44
3335 116
3336 52
3337 84
3338 52
3339 44
3340 84
3341 24
3342 62
3343 86
3344 48
3345 25
3346 40
3347 44
3348 23
3349 52
3350 72
3351 56
3352 56
3353 60
3354 10
3355 24
3356 97
3357 60
3358 72
3359 12
3360 19
3361 88
3362 40
3363 23
3364 32
3365 88
3366 32
3367 18
3368 72
3369 36
3370 78
3371 24
3372 80
3373 76
3374 52
3375 60
3376 24
3377 34
3378 52
3379 44
3380 132
3381 15
3382 48
3383 54
3384 32
3385 60
3386 62
3387 60
3388 34
3389 30
3390 42
3391 44
3392 32
3393 96
3394 8
3395 32
3396 99
3397 32
3398 102
3399 12
3400 44
3401 56
3402 60
3403 28
3404 22
3405 32
3406 126
3407 88
3408 48
3409 10
3410 48
3411 32
3412 62
3413 48
3414 28
3415 72
3416 32
3417 33
3418 60
3419 28
3420 40
3421 44
3422 74
3423 76
3424 28
3425 38
3426 87
3427 40
3428 80
3429 112
3430 60
3431 21
3432 56
3433 31
3434 30
3435 112
3436 56
3437 56
3438 32
3439 19
3440 44
3441 56
3442 40
3443 80
3444 10
3445 106
3446 44
3447 40
3448 30
3449 36
3450 72
3451 64
3452 48
3453 11
3454 32
3455 46
3456 52
3457 72
3458 24
3459 62
3460 88
3461 44
3462 32
3463 24
3464 38
3465 50
3466 54
3467 56
3468 8
3469 48
3470 44
3471 109
3472 24
3473 80
3474 78
3475 44
3476 56
3477 60
3478 38
3479 14
3480 96
3481 40
3482 104
3483 48
3484 20
3485 40
3486 52
3487 36
3488 88
3489 22
3490 94
3491 29
3492 56
3493 24
3494 50
3495 60
3496 40
3497 12
3498 32
3499 24
3500 108
3501 56
3502 56
3503 12
3504 76
3505 36
3506 36
3507 44
3508 36
3509 92
3510 48
3511 13
3512 88
3513 53
3514 32
3515 80
3516 96
3517 40
3518 33
3519 44
3520 68
3521 32
3522 24
3523 44
3524 80
3525 112
3526 36
3527 10
3528 52
3529 65
3530 40
3531 104
3532 12
3533 78
3534 50
3535 32
3536 26
3537 46
3538 64
3539 56
3540 15
3541 80
3542 40
3543 28
3544 110
3545 12
3546 68
3547 48
3548 37
3549 24
3550 25
3551 32
3552 76
3553 50
3554 104
3555 21
3556 36
3557 48
3558 76
3559 36
3560 68
3561 66
3562 60
3563 28
3564 64
3565 44
3566 21
3567 46
3568 68
3569 72
3570 80
3571 64
3572 26
3573 101
3574 52
3575 60
3576 16
3577 96
3578 40
3579 48
3580 26
3581 48
3582 72
3583 48
3584 48
3585 18
3586 56
3587 28
3588 73
3589 32
3590 108
3591 16
3592 84
3593 32
3594 56
3595 66
3596 32
3597 76
3598 54
3599 104
3600 7
3601 30
3602 71
3603 52
3604 40
3605 56
3606 42
3607 44
3608 24
3609 35
3610 60
3611 94
3612 32
3613 64
3614 84
3615 8
3616 90
3617 44
3618 84
3619 20
3620 64
3621 42
3622 60
3623 32
3624 24
3625 36
3626 84
3627 120
3628 56
3629 14
3630 32
3631 48
3632 28
3633 24
3634 126
3635 36
3636 44
3637 32
3638 15
3639 32
3640 104
3641 70
3642 48
3643 16
3644 68
3645 36
3646 90
3647 32
3648 92
3649 104
3650 64
3651 27
3652 76
3653 40
3654 27
3655 28
3656 96
3657 36
3658 60
3659 48
3660 22
3661 30
3662 82
3663 112
3664 70
3665 50
3666 52
3667 40
3668 28
3669 34
3670 62
3671 120
3672 32
3673 9
3674 48
3675 56
3676 71
3677 40
3678 20
3679 50
3680 80
3681 36
3682 40
3683 26
3684 64
3685 56
3686 36
3687 72
3688 15
3689 36
3690 96
3691 24
3692 126
3693 48
3694 36
3695 57
3696 60
3697 44
3698 24
3699 36
3700 96
3701 36
3702 116
3703 48
3704 15
3705 52
3706 84
3707 24
3708 48
3709 16
3710 106
3711 28
3712 48
3713 40
3714 30
3715 60
3716 80
3717 68
3718 80
3719 10
3720 40
3721 32
3722 82
3723 44
3724 54
3725 16
3726 60
3727 22
3728 36
3729 31
3730 42
3731 70
3732 72
3733 20
3734 56
3735 28
3736 41
3737 56
3738 112
3739 120
3740 59
3741 40
3742 36
3743 28
3744 24
3745 84
3746 80
3747 80
3748 40
3749 11
3750 58
3751 66
3752 40
3753 100
3754 74
3755 48
3756 32
3757 42
3758 48
3759 44
3760 56
3761 80
3762 12
3763 64
3764 44
3765 98
3766 28
3767 88
3768 16
3769 70
3770 40
3771 39
3772 32
3773 17
3774 40
3775 100
3776 50
3777 96
3778 15
3779 40
3780 60
3781 96
3782 32
3783 46
3784 126
3785 48
3786 72
3787 18
3788 46
3789 88
3790 64
3791 64
3792 60
3793 12
3794 24
3795 90
3796 72
3797 22
3798 56
3799 43
3800 60
3801 24
3802 140
3803 76
3804 40
3805 10
3806 80
3807 24
3808 77
3809 56
3810 84
3811 12
3812 114
3813 64
3814 51
3815 40
3816 46
3817 92
3818 56
3819 76
3820 12
3821 40
3822 48
3823 51
3824 76
3825 48
3826 56
3827 68
3828 24
3829 36
3830 44
3831 43
3832 42
3833 64
3834 48
3835 96
3836 80
3837 8
3838 48
3839 89
3840 36
3841 88
3842 16
3843 78
3844 52
3845 36
3846 21
3847 106
3848 64
3849 48
3850 18
3851 40
3852 40
3853 92
3854 28
3855 60
3856 20
3857 112
3858 48
3859 33
3860 40
3861 28
3862 48
3863 44
3864 72
3865 16
3866 40
3867 101
3868 52
3869 50
3870 64
3871 84
3872 37
3873 72
3874 36
3875 38
3876 82
3877 64
3878 36
3879 17
3880 36
3881 72
3882 32
3883 112
3884 18
3885 90
3886 48
3887 44
3888 48
3889 16
3890 50
3891 64
3892 120
3893 32
3894 10
3895 64
3896 42
3897 46
3898 48
3899 112
3900 24
3901 44
3902 50
3903 36
3904 42
3905 38
3906 9
3907 60
3908 36
3909 114
3910 24
3911 120
3912 68
3913 48
3914 62
3915 64
3916 30
3917 26
3918 56
3919 92
3920 48
3921 80
3922 17
3923 52
3924 60
3925 36
3926 54
3927 30
3928 96
3929 30
3930 48
3931 36
3932 20
3933 34
3934 92
3935 88
3936 96
3937 40
3938 56
3939 84
3940 56
3941 64
3942 12
3943 100
3944 64
3945 42
3946 32
3947 31
3948 24
3949 96
3950 52
3951 64
3952 14
3953 96
3954 34
3955 82
3956 32
3957 98
3958 140
3959 48
3960 44
3961 56
3962 40
3963 26
3964 42
3965 68
3966 68
3967 52
3968 14
3969 44
3970 80
3971 80
3972 124
3973 24
3974 44
3975 30
3976 44
3977 28
3978 28
3979 56
3980 60
3981 64
3982 56
3983 11
3984 64
3985 117
3986 36
3987 84
3988 24
3989 48
3990 60
3991 38
3992 48
3993 23
3994 48
3995 32
3996 132
3997 15
3998 40
3999 52
4000 36
4001 88
4002 78
4003 36
4004 36
4005 64
4006 52
4007 26
4008 44
4009 76
4010 68
4011 56
4012 16
4013 26
4014 109
4015 48
4016 50
4017 12
4018 72
4019 45
4020 44
4021 28
4022 42
4023 40
4024 122
4025 56
4026 64
4027 13
4028 96
4029 32
4030 42
4031 96
4032 120
4033 48
4034 44
4035 72
4036 30
4037 22
4038 44
4039 90
4040 120
4041 12
4042 48
4043 82
4044 56
4045 70
4046 52
4047 48
4048 28
4049 23
4050 46
4051 90
4052 60
4053 96
4054 64
4055 10
4056 40
4057 88
4058 28
4059 104
4060 88
4061 55
4062 80
4063 24
4064 32
4065 56
4066 72
4067 72
4068 72
4069 21
4070 32
4071 58
4072 92
4073 32
4074 100
4075 24
4076 78
4077 44
4078 23
4079 56
4080 28
4081 66
4082 56
4083 74
4084 12
4085 44
4086 40
4087 105
4088 40
4089 64
4090 64
4091 52
4092 52
4093 34
4094 38
4095 120
4096 44
4097 76
4098 48
4099 18
4100 26
4101 54
4102 32
4103 102
4104 16
4105 84
4106 66
4107 60
4108 48
4109 20
4110 32
4111 80
4112 132
4113 9
4114 48
4115 40
4116 86
4117 48
4118 76
4119 16
4120 72
4121 80
4122 30
4123 39
4124 62
4125 104
4126 56
4127 88
4128 12
4129 72
4130 40
4131 81
4132 36
4133 68
4134 68
4135 48
4136 44
4137 60
4138 40
4139 19
4140 32
4141 88
4142 40
4143 124
4144 48
4145 48
4146 92
4147 32
4148 56
4149 22
4150 116
4151 33
4152 50
4153 17
4154 42
4155 92
4156 68
4157 48
4158 18
4159 64
4160 48
4161 108
4162 52
4163 100
4164 12
4165 56
4166 26
4167 36
4168 32
4169 92
4170 60
4171 44
4172 68
4173 24
4174 81
4175 40
4176 124
4177 82
4178 56
4179 45
4180 56
4181 64
4182 60
4183 64
4184 128
4185 40
4186 9
4187 72
4188 78
4189 48
4190 26
4191 104
4192 28
4193 40
4194 35
4195 44
4196 56
4197 96
4198 64
4199 17
4200 36
4201 87
4202 24
4203 108
4204 28
4205 50
4206 40
4207 68
4208 30
4209 16
4210 140
4211 38
4212 12
4213 44
4214 46
4215 88
4216 40
4217 82
4218 76
4219 48
4220 48
4221 56
4222 32
4223 29
4224 70
4225 80
4226 64
4227 96
4228 12
4229 95
4230 52
4231 12
4232 96
4233 33
4234 80
4235 40
4236 45
4237 28
4238 84
4239 52
4240 48
4241 14
4242 64
4243 34
4244 57
4245 56
4246 112
4247 12
4248 104
4249 48
4250 71
4251 36
4252 32
4253 26
4254 78
4255 66
4256 56
4257 16
4258 64
4259 80
4260 52
4261 84
4262 94
4263 80
4264 28
4265 60
4266 43
4267 56
4268 44
4269 44
4270 80
4271 11
4272 32
4273 108
4274 32
4275 130
4276 16
4277 72
4278 43
4279 52
4280 48
4281 23
4282 40
4283 100
4284 96
4285 16
4286 40
4287 52
4288 92
4289 36
4290 64
4291 32
4292 120
4293 48
4294 40
4295 42
4296 14
4297 58
4298 96
4299 70
4300 84
4301 32
4302 26
4303 85
4304 64
4305 78
4306 72
4307 60
4308 30
4309 96
4310 52
4311 38
4312 24
4313 138
4314 56
4315 104
4316 14
4317 36
4318 77
4319 80
4320 12
4321 66
4322 52
4323 36
4324 66
4325 30
4326 36
4327 68
4328 104
4329 48
4330 10
4331 36
4332 79
4333 52
4334 72
4335 20
4336 64
4337 64
4338 38
4339 56
4340 60
4341 50
4342 46
4343 96
4344 14
4345 68
4346 85
4347 40
4348 96
4349 44
4350 65
4351 48
4352 30
4353 20
4354 28
4355 128
4356 64
4357 76
4358 48
4359 20
4360 60
4361 32
4362 84
4363 22
4364 100
4365 32
4366 80
4367 36
4368 25
4369 56
4370 96
4371 80
4372 64
4373 16
4374 32
4375 28
4376 114
4377 68
4378 68
4379 64
4380 80
4381 29
4382 32
4383 35
4384 42
4385 108
4386 72
4387 56
4388 15
4389 56
4390 44
4391 84
4392 102
4393 142
4394 48
4395 44
4396 36
4397 68
4398 22
4399 46
4400 72
4401 48
4402 128
4403 40
4404 13
4405 44
4406 47
4407 44
4408 34
4409 62
4410 60
4411 72
4412 36
4413 36
4414 36
4415 72
4416 72
4417 88
4418 48
4419 36
4420 116
4421 40
4422 70
4423 80
4424 68
4425 70
4426 24
4427 25
4428 48
4429 90
4430 36
4431 120
4432 12
4433 48
4434 48
4435 80
4436 44
4437 56
4438 44
4439 30
4440 40
4441 76
4442 25
4443 50
4444 88
4445 88
4446 56
4447 96
4448 16
4449 42
4450 88
4451 56
4452 68
4453 18
4454 34
4455 88
4456 36
4457 33
4458 34
4459 116
4460 64
4461 32
4462 18
4463 64
4464 52
4465 74
4466 32
4467 128
4468 16
4469 110
4470 33
4471 54
4472 36
4473 32
4474 60
4475 72
4476 112
4477 10
4478 56
4479 44
4480 94
4481 56
4482 120
4483 44
4484 92
4485 60
4486 32
4487 28
4488 66
4489 56
4490 72
4491 52
4492 10
4493 52
4494 120
4495 32
4496 116
4497 16
4498 72
4499 68
4500 34
4501 22
4502 56
4503 136
4504 48
4505 25
4506 56
4507 44
4508 58
4509 24
4510 62
4511 24
4512 100
4513 52
4514 40
4515 64
4516 28
4517 40
4518 92
4519 70
4520 104
4521 10
4522 64
4523 28
4524 116
4525 40
4526 64
4527 104
4528 42
4529 64
4530 35
4531 40
4532 120
4533 56
4534 68
4535 64
4536 15
4537 40
4538 66
4539 56
4540 122
4541 20
4542 112
4543 58
4544 32
4545 52
4546 30
4547 70
4548 116
4549 64
4550 10
4551 48
4552 68
4553 65
4554 72
4555 80
4556 16
4557 76
4558 56
4559 48
4560 40
4561 33
4562 60
4563 40
4564 80
4565 11
4566 68
4567 56
4568 96
4569 36
4570 94
4571 56
4572 50
4573 72
4574 24
4575 35
4576 108
4577 40
4578 60
4579 72
4580 24
4581 36
4582 96
4583 44
4584 60
4585 28
4586 98
4587 36
4588 72
4589 15
4590 70
4591 72
4592 72
4593 12
4594 48
4595 34
4596 115
4597 40
4598 60
4599 24
4600 128
4601 72
4602 44
4603 60
4604 18
4605 38
4606 120
4607 68
4608 16
4609 32
4610 63
4611 32
4612 140
4613 122
4614 48
4615 65
4616 52
4617 58
4618 32
4619 84
4620 52
4621 140
4622 40
4623 11
4624 38
4625 89
4626 48
4627 72
4628 20
4629 48
4630 50
4631 36
4632 44
4633 46
4634 66
4635 100
4636 56
4637 10
4638 96
4639 40
4640 106
4641 48
4642 120
4643 20
4644 60
4645 32
4646 31
4647 34
4648 29
4649 32
4650 80
4651 66
4652 116
4653 20
4654 52
4655 52
4656 76
4657 40
4658 88
4659 108
4660 36
4661 44
4662 48
4663 64
4664 20
4665 70
4666 96
4667 84
4668 56
4669 68
4670 36
4671 106
4672 44
4673 72
4674 12
4675 96
4676 29
4677 80
4678 32
4679 43
4680 76
4681 76
4682 40
4683 27
4684 56
4685 34
4686 81
4687 56
4688 126
4689 16
4690 100
4691 96
4692 34
4693 40
4694 18
4695 46
4696 68
4697 96
4698 112
4699 9
4700 68
4701 81
4702 44
4703 68
4704 80
4705 92
4706 48
4707 36
4708 36
4709 40
4710 58
4711 52
4712 104
4713 56
4714 16
4715 110
4716 28
4717 134
4718 16
4719 50
4720 49
4721 96
4722 52
4723 22
4724 52
4725 128
4726 96
4727 64
4728 18
4729 80
4730 40
4731 52
4732 24
4733 92
4734 40
4735 44
4736 48
4737 28
4738 42
4739 120
4740 48
4741 16
4742 40
4743 40
4744 96
4745 72
4746 72
4747 96
4748 52
4749 36
4750 56
4751 56
4752 42
4753 24
4754 82
4755 52
4756 108
4757 52
4758 16
4759 44
4760 75
4761 80
4762 18
4763 146
4764 66
4765 48
4766 46
4767 30
4768 24
4769 104
4770 96
4771 48
4772 16
4773 64
4774 58
4775 56
4776 56
4777 20
4778 106
4779 80
4780 44
4781 28
4782 34
4783 52
4784 78
4785 34
4786 11
4787 72
4788 28
4789 120
4790 44
4791 120
4792 62
4793 56
4794 49
4795 96
4796 44
4797 17
4798 40
4799 92
4800 72
4801 48
4802 12
4803 66
4804 112
4805 40
4806 48
4807 22
4808 126
4809 44
4810 48
4811 72
4812 21
4813 60
4814 56
4815 72
4816 72
4817 14
4818 64
4819 36
4820 97
4821 104
4822 16
4823 88
4824 47
4825 56
4826 44
4827 38
4828 128
4829 92
4830 20
4831 92
4832 40
4833 92
4834 94
4835 51
4836 40
4837 48
4838 44
4839 48
4840 80
4841 80
4842 76
4843 44
4844 13
4845 64
4846 44
4847 64
4848 76
4849 30
4850 80
4851 36
4852 42
4853 44
4854 56
4855 84
4856 104
4857 48
4858 40
4859 100
4860 44
4861 136
4862 16
4863 68
4864 48
4865 74
4866 24
4867 26
4868 48
4869 94
4870 64
4871 112
4872 25
4873 52
4874 60
4875 92
4876 28
4877 104
4878 140
4879 40
4880 22
4881 62
4882 28
4883 40
4884 80
4885 60
4886 64
4887 72
4888 14
4889 34
4890 113
4891 56
4892 78
4893 16
4894 64
4895 34
4896 100
4897 34
4898 30
4899 90
4900 88
4901 40
4902 21
4903 56
4904 36
4905 86
4906 32
4907 92
4908 20
4909 154
4910 80
4911 66
4912 68
4913 40
4914 72
4915 50
4916 112
4917 16
4918 40
4919 81
4920 40
4921 112
4922 78
4923 64
4924 56
4925 52
4926 40
4927 28
4928 38
4929 98
4930 48
4931 72
4932 80
4933 36
4934 121
4935 56
4936 96
4937 24
4938 74
4939 52
4940 60
4941 32
4942 21
4943 160
4944 100
4945 56
4946 12
4947 48
4948 94
4949 40
4950 48
4951 36
4952 112
4953 48
4954 22
4955 60
4956 37
4957 48
4958 88
4959 96
4960 12
4961 36
4962 40
4963 106
4964 88
4965 64
4966 104
4967 52
4968 33
4969 80
4970 40
4971 21
4972 40
4973 116
4974 64
4975 48
4976 25
4977 42
4978 32
4979 150
4980 14
4981 112
4982 55
4983 52
4984 48
4985 32
4986 32
4987 66
4988 100
4989 80
4990 18
4991 48
4992 44
4993 96
4994 56
4995 100
4996 24
4997 80
4998 36
4999 36
5000 35
5001 62
5002 48
5003 58
5004 10
5005 48
5006 76
5007 107
5008 28
5009 72
5010 78
5011 52
5012 64
5013 96
5014 36
5015 21
5016 72
5017 128
5018 40
5019 152
5020 20
5021 48
5022 68
5023 32
5024 116
5025 30
5026 108
5027 43
5028 48
5029 46
5030 30
5031 54
5032 84
5033 64
5034 72
5035 72
5036 46
5037 126
5038 60
5039 16
5040 92
5041 60
5042 45
5043 44
5044 47
5045 46
5046 144
5047 64
5048 72
5049 16
5050 84
5051 40
5052 48
5053 88
5054 80
5055 48
5056 61
5057 48
5058 62
5059 38
5060 34
5061 80
5062 80
5063 144
5064 64
5065 12
5066 60
5067 52
5068 80
5069 18
5070 80
5071 50
5072 56
5073 32
5074 26
5075 40
5076 72
5077 104
5078 80
5079 12
5080 118
5081 28
5082 120
5083 20
5084 72
5085 48
5086 58
5087 44
5088 35
5089 40
5090 112
5091 30
5092 96
5093 22
5094 60
5095 44
5096 48
5097 76
5098 72
5099 26
5100 64
5101 48
5102 21
5103 90
5104 72
5105 76
5106 64
5107 68
5108 12
5109 32
5110 134
5111 56
5112 64
5113 18
5114 36
5115 52
5116 40
5117 44
5118 144
5119 100
5120 32
5121 19
5122 72
5123 26
5124 83
5125 108
5126 70
5127 56
5128 59
5129 72
5130 28
5131 32
5132 94
5133 68
5134 120
5135 11
5136 80
5137 48
5138 99
5139 48
5140 52
5141 100
5142 56
5143 36
5144 30
5145 42
5146 62
5147 100
5148 48
5149 80
5150 96
5151 15
5152 80
5153 40
5154 104
5155 50
5156 56
5157 36
5158 30
5159 36
5160 102
5161 144
5162 64
5163 20
5164 48
5165 56
5166 64
5167 32
5168 96
5169 24
5170 150
5171 40
5172 48
5173 54
5174 18
5175 52
5176 96
5177 94
5178 60
5179 16
5180 56
5181 42
5182 110
5183 56
5184 90
5185 43
5186 76
5187 36
5188 50
5189 48
5190 72
5191 52
5192 60
5193 76
5194 17
5195 40
5196 97
5197 40
5198 144
5199 16
5200 112
5201 50
5202 76
5203 64
5204 32
5205 40
5206 52
5207 88
5208 40
5209 9
5210 48
5211 74
5212 84
5213 48
5214 68
5215 36
5216 74
5217 52
5218 32
5219 42
5220 62
5221 64
5222 50
5223 96
5224 18
5225 88
5226 52
5227 40
5228 136
5229 62
5230 52
5231 63
5232 96
5233 56
5234 24
5235 32
5236 132
5237 40
5238 160
5239 80
5240 14
5241 44
5242 118
5243 40
5244 68
5245 112
5246 51
5247 48
5248 21
5249 62
5250 108
5251 64
5252 88
5253 16
5254 64
5255 32
5256 88
5257 76
5258 84
5259 16
5260 112
5261 80
5262 31
5263 38
5264 32
5265 108
5266 84
5267 92
5268 22
5269 68
5270 44
5271 67
5272 48
5273 100
5274 118
5275 64
5276 60
5277 30
5278 102
5279 88
5280 104
5281 36
5282 16
5283 84
5284 84
5285 44
5286 80
5287 26
5288 102
5289 36
5290 56
5291 30
5292 35
5293 64
5294 52
5295 88
5296 96
5297 15
5298 72
5299 32
5300 132
5301 44
5302 158
5303 16
5304 68
5305 44
5306 53
5307 28
5308 74
5309 50
5310 128
5311 17
5312 56
5313 76
5314 106
5315 36
5316 64
5317 126
5318 72
5319 26
5320 48
5321 54
5322 21
5323 48
5324 72
5325 116
5326 72
5327 20
5328 40
5329 108
5330 52
5331 112
5332 24
5333 76
5334 36
5335 88
5336 44
5337 40
5338 168
5339 84
5340 48
5341 15
5342 80
5343 28
5344 73
5345 56
5346 104
5347 12
5348 88
5349 64
5350 82
5351 42
5352 32
5353 60
5354 76
5355 80
5356 72
5357 9
5358 80
5359 56
5360 81
5361 64
5362 104
5363 68
5364 56
5365 48
5366 52
5367 48
5368 49
5369 46
5370 64
5371 60
5372 84
5373 12
5374 68
5375 109
5376 96
5377 16
5378 78
5379 77
5380 96
5381 26
5382 26
5383 32
5384 140
5385 116
5386 22
5387 48
5388 80
5389 88
5390 40
5391 84
5392 16
5393 138
5394 56
5395 29
5396 56
5397 27
5398 84
5399 46
5400 60
5401 40
5402 32
5403 130
5404 60
5405 76
5406 68
5407 60
5408 43
5409 100
5410 48
5411 32
5412 46
5413 96
5414 92
5415 64
5416 40
5417 14
5418 46
5419 70
5420 48
5421 136
5422 22
5423 160
5424 44
5425 36
5426 64
5427 22
5428 44
5429 164
5430 40
5431 19
5432 48
5433 82
5434 60
5435 88
5436 32
5437 70
5438 80
5439 46
5440 52
5441 38
5442 58
5443 96
5444 60
5445 136
5446 10
5447 80
5448 135
5449 40
5450 60
5451 96
5452 32
5453 29
5454 40
5455 126
5456 84
5457 80
5458 19
5459 64
5460 40
5461 24
5462 120
5463 38
5464 48
5465 82
5466 32
5467 60
5468 72
5469 88
5470 20
5471 56
5472 36
5473 99
5474 60
5475 68
5476 12
5477 120
5478 88
5479 35
5480 40
5481 33
5482 30
5483 138
5484 72
5485 56
5486 30
5487 96
5488 36
5489 80
5490 160
5491 114
5492 48
5493 54
5494 60
5495 38
5496 40
5497 36
5498 92
5499 80
5500 84
5501 48
5502 15
5503 42
5504 88
5505 72
5506 20
5507 76
5508 36
5509 68
5510 40
5511 39
5512 72
5513 80
5514 56
5515 9
5516 72
5517 68
5518 138
5519 36
5520 108
5521 120
5522 56
5523 52
5524 52
5525 24
5526 48
5527 136
5528 32
5529 88
5530 21
5531 56
5532 54
5533 76
5534 36
5535 58
5536 100
5537 40
5538 57
5539 72
5540 60
5541 26
5542 54
5543 136
5544 64
5545 96
5546 14
5547 32
5548 124
5549 48
5550 68
5551 18
5552 57
5553 88
5554 48
5555 40
5556 38
5557 108
5558 56
5559 88
5560 12
5561 96
5562 48
5563 72
5564 48
5565 76
5566 20
5567 132
5568 67
5569 72
5570 36
5571 26
5572 68
5573 96
5574 144
5575 64
5576 68
5577 54
5578 80
5579 88
5580 94
5581 56
5582 48
5583 28
5584 38
5585 46
5586 112
5587 40
5588 72
5589 48
5590 21
5591 40
5592 124
5593 32
5594 126
5595 20
5596 84
5597 51
5598 84
5599 32
5600 31
5601 48
5602 126
5603 108
5604 80
5605 18
5606 48
5607 64
5608 116
5609 56
5610 104
5611 16
5612 98
5613 64
5614 34
5615 56
5616 25
5617 84
5618 88
5619 100
5620 88
5621 14
5622 44
5623 40
5624 139
5625 36
5626 78
5627 120
5628 54
5629 52
5630 56
5631 68
5632 52
5633 120
5634 44
5635 24
5636 28
5637 62
5638 48
5639 144
5640 22
5641 112
5642 60
5643 64
5644 74
5645 26
5646 80
5647 160
5648 48
5649 11
5650 64
5651 78
5652 78
5653 40
5654 104
5655 32
5656 50
5657 100
5658 36
5659 50
5660 64
5661 82
5662 68
5663 88
5664 10
5665 88
5666 97
5667 52
5668 112
5669 52
5670 41
5671 56
5672 44
5673 29
5674 68
5675 56
5676 132
5677 80
5678 20
5679 84
5680 98
5681 52
5682 80
5683 20
5684 138
5685 51
5686 64
5687 60
5688 24
5689 54
5690 56
5691 56
5692 12
5693 72
5694 60
5695 56
5696 72
5697 20
5698 92
5699 80
5700 28
5701 36
5702 49
5703 32
5704 108
5705 64
5706 24
5707 56
5708 46
5709 102
5710 72
5711 132
5712 72
5713 55
5714 64
5715 64
5716 24
5717 42
5718 72
5719 96
5720 128
5721 44
5722 11
5723 48
5724 92
5725 68
5726 30
5727 102
5728 52
5729 40
5730 52
5731 35
5732 66
5733 96
5734 96
5735 14
5736 88
5737 32
5738 91
5739 32
5740 168
5741 32
5742 90
5743 75
5744 40
5745 20
5746 48
5747 142
5748 44
5749 116
5750 24
5751 56
5752 52
5753 120
5754 68
5755 114
5756 56
5757 45
5758 48
5759 38
5760 41
5761 48
5762 140
5763 72
5764 80
5765 96
5766 52
5767 101
5768 84
5769 72
5770 16
5771 64
5772 38
5773 84
5774 64
5775 45
5776 36
5777 112
5778 72
5779 48
5780 28
5781 56
5782 48
5783 80
5784 48
5785 16
5786 108
5787 64
5788 69
5789 52
5790 28
5791 40
5792 84
5793 96
5794 128
5795 12
5796 48
5797 66
5798 56
5799 100
5800 122
5801 80
5802 34
5803 32
5804 55
5805 72
5806 56
5807 52
5808 104
5809 104
5810 13
5811 129
5812 40
5813 160
5814 52
5815 84
5816 32
5817 18
5818 76
5819 96
5820 152
5821 48
5822 20
5823 40
5824 54
5825 32
5826 86
5827 32
5828 112
5829 60
5830 68
5831 23
5832 80
5833 120
5834 80
5835 80
5836 16
5837 48
5838 40
5839 98
5840 48
5841 88
5842 88
5843 68
5844 42
5845 100
5846 44
5847 42
5848 128
5849 36
5850 92
5851 40
5852 19
5853 36
5854 95
5855 90
5856 18
5857 110
5858 77
5859 56
5860 44
5861 52
5862 76
5863 96
5864 56
5865 11
5866 64
5867 56
5868 86
5869 56
5870 28
5871 88
5872 52
5873 56
5874 38
5875 38
5876 64
5877 54
5878 128
5879 12
5880 64
5881 44
5882 126
5883 48
5884 116
5885 98
5886 36
5887 71
5888 88
5889 48
5890 18
5891 40
5892 168
5893 60
5894 104
5895 64
5896 20
5897 76
5898 92
5899 40
5900 116
5901 28
5902 152
5903 34
5904 72
5905 48
5906 26
5907 72
5908 84
5909 52
5910 80
5911 24
5912 40
5913 28
5914 133
5915 92
5916 86
5917 24
5918 108
5919 38
5920 40
5921 32
5922 42
5923 112
5924 64
5925 88
5926 13
5927 80
5928 44
5929 105
5930 48
5931 120
5932 162
5933 44
5934 70
5935 20
5936 56
5937 64
5938 92
5939 116
5940 48
5941 16
5942 60
5943 89
5944 52
5945 84
5946 26
5947 76
5948 60
5949 52
5950 48
5951 50
5952 72
5953 120
5954 88
5955 11
5956 112
5957 48
5958 119
5959 40
5960 104
5961 20
5962 64
5963 80
5964 66
5965 37
5966 56
5967 140
5968 64
5969 128
5970 21
5971 44
5972 64
5973 76
5974 48
5975 98
5976 80
5977 60
5978 24
5979 28
5980 42
5981 100
5982 108
5983 104
5984 80
5985 16
5986 52
5987 91
5988 88
5989 104
5990 12
5991 128
5992 44
5993 45
5994 36
5995 148
5996 60
5997 56
5998 21
5999 96
6000 42
6001 96
6002 32
6003 154
6004 16
6005 164
6006 48
6007 49
6008 48
6009 40
6010 56
6011 76
6012 112
6013 17
6014 56
6015 56
6016 75
6017 72
6018 136
6019 68
6020 88
6021 56
6022 68
6023 30
6024 62
6025 100
6026 56
6027 88
6028 56
6029 15
6030 72
6031 136
6032 40
6033 78
6034 24
6035 92
6036 68
6037 60
6038 25
6039 112
6040 152
6041 64
6042 23
6043 48
6044 36
6045 94
6046 28
6047 60
6048 28
6049 134
6050 40
6051 56
6052 94
6053 50
6054 76
6055 88
6056 16
6057 76
6058 36
6059 130
6060 64
6061 88
6062 68
6063 104
6064 39
6065 60
6066 44
6067 46
6068 170
6069 76
6070 60
6071 20
6072 32
6073 92
6074 64
6075 64
6076 26
6077 108
6078 32
6079 52
6080 92
6081 40
6082 36
6083 68
6084 160
6085 64
6086 12
6087 64
6088 86
6089 77
6090 96
6091 96
6092 24
6093 96
6094 60
6095 54
6096 36
6097 30
6098 52
6099 94
6100 64
6101 20
6102 92
6103 40
6104 126
6105 32
6106 156
6107 82
6108 56
6109 69
6110 68
6111 34
6112 112
6113 44
6114 120
6115 44
6116 100
6117 40
6118 84
6119 24
6120 142
6121 40
6122 96
6123 72
6124 21
6125 54
6126 80
6127 96
6128 64
6129 40
6130 56
6131 135
6132 48
6133 20
6134 132
6135 40
6136 48
6137 39
6138 42
6139 52
6140 128
6141 25
6142 80
6143 42
6144 51
6145 40
6146 136
6147 72
6148 56
6149 87
6150 60
6151 60
6152 52
6153 90
6154 76
6155 112
6156 56
6157 14
6158 60
6159 108
6160 56
6161 116
6162 28
6163 62
6164 54
6165 64
6166 32
6167 55
6168 98
6169 84
6170 88
6171 64
6172 10
6173 120
6174 93
6175 40
6176 110
6177 20
6178 72
6179 44
6180 57
6181 40
6182 39
6183 48
6184 128
6185 70
6186 112
6187 20
6188 36
6189 80
6190 40
6191 88
6192 150
6193 60
6194 64
6195 80
6196 60
6197 24
6198 40
6199 76
6200 96
6201 68
6202 64
6203 16
6204 38
6205 136
6206 106
6207 16
6208 120
6209 26
6210 104
6211 36
6212 43
6213 36
6214 122
6215 80
6216 80
6217 28
6218 104
6219 36
6220 79
6221 144
6222 16
6223 100
6224 96
6225 42
6226 64
6227 28
6228 48
6229 72
6230 74
6231 15
6232 64
6233 60
6234 105
6235 56
6236 110
6237 116
6238 44
6239 48
6240 48
6241 43
6242 68
6243 76
6244 40
6245 112
6246 72
6247 15
6248 48
6249 113
6250 44
6251 144
6252 60
6253 72
6254 104
6255 64
6256 24
6257 148
6258 148
6259 20
6260 80
6261 46
6262 128
6263 40
6264 84
6265 20
6266 98
6267 56
6268 51
6269 68
6270 26
6271 112
6272 84
6273 80
6274 14
6275 56
6276 48
6277 118
6278 68
6279 60
6280 84
6281 32
6282 64
6283 44
6284 55
6285 26
6286 120
6287 88
6288 96
6289 72
6290 42
6291 43
6292 56
6293 136
6294 18
6295 168
6296 78
6297 48
6298 48
6299 24
6300 54
6301 102
6302 112
6303 48
6304 14
6305 80
6306 64
6307 72
6308 72
6309 144
6310 28
6311 104
6312 64
6313 42
6314 46
6315 68
6316 52
6317 66
6318 64
6319 16
6320 68
6321 48
6322 153
6323 36
6324 134
6325 84
6326 52
6327 39
6328 108
6329 40
6330 30
6331 64
6332 60
6333 112
6334 48
6335 14
6336 80
6337 106
6338 44
6339 64
6340 32
6341 96
6342 46
6343 68
6344 31
6345 66
6346 136
6347 96
6348 96
6349 22
6350 40
6351 124
6352 48
6353 92
6354 104
6355 84
6356 54
6357 40
6358 42
6359 118
6360 48
6361 108
6362 15
6363 88
6364 32
6365 109
6366 48
6367 72
6368 72
6369 78
6370 44
6371 62
6372 50
6373 96
6374 120
6375 80
6376 10
6377 81
6378 64
6379 104
6380 40
6381 96
6382 40
6383 44
6384 52
6385 41
6386 66
6387 84
6388 144
6389 72
6390 20
6391 56
6392 60
6393 106
6394 40
6395 120
6396 20
6397 72
6398 56
6399 68
6400 46
6401 18
6402 172
6403 116
6404 27
6405 76
6406 92
6407 32
6408 104
6409 148
6410 48
6411 26
6412 64
6413 60
6414 32
6415 64
6416 72
6417 88
6418 76
6419 28
6420 32
6421 153
6422 68
6423 100
6424 16
6425 76
6426 39
6427 88
6428 56
6429 56
6430 104
6431 88
6432 64
6433 22
6434 72
6435 48
6436 100
6437 48
6438 120
6439 16
6440 146
6441 80
6442 68
6443 80
6444 36
6445 38
6446 96
6447 86
6448 168
6449 12
6450 64
6451 44
6452 71
6453 148
6454 62
6455 80
6456 60
6457 92
6458 46
6459 32
6460 64
6461 96
6462 64
6463 80
6464 9
6465 36
6466 139
6467 124
6468 16
6469 72
6470 75
6471 52
6472 32
6473 42
6474 48
6475 150
6476 80
6477 15
6478 48
6479 64
6480 100
6481 48
6482 40
6483 152
6484 40
6485 45
6486 78
6487 39
6488 60
6489 88
6490 86
6491 72
6492 68
6493 52
6494 92
6495 76
6496 116
6497 64
6498 51
6499 104
6500 44
6501 45
6502 166
6503 80
6504 76
6505 44
6506 24
6507 68
6508 80
6509 48
6510 140
6511 12
6512 190
6513 65
6514 60
6515 52
6516 38
6517 36
6518 64
6519 128
6520 72
6521 15
6522 64
6523 92
6524 88
6525 80
6526 70
6527 100
6528 60
6529 40
6530 37
6531 60
6532 80
6533 74
6534 72
6535 12
6536 76
6537 126
6538 36
6539 112
6540 100
6541 64
6542 48
6543 64
6544 46
6545 30
6546 68
6547 120
6548 40
6549 48
6550 21
6551 62
6552 40
6553 108
6554 38
6555 118
6556 50
6557 64
6558 96
6559 40
6560 42
6561 96
6562 116
6563 104
6564 12
6565 64
6566 36
6567 153
6568 72
6569 72
6570 16
6571 72
6572 96
6573 48
6574 48
6575 46
6576 60
6577 136
6578 80
6579 56
6580 20
6581 116
6582 36
6583 74
6584 122
6585 59
6586 56
6587 60
6588 28
6589 38
6590 82
6591 88
6592 160
6593 80
6594 16
6595 64
6596 63
6597 52
6598 22
6599 106
6600 60
6601 48
6602 28
6603 45
6604 58
6605 108
6606 96
6607 64
6608 23
6609 88
6610 68
6611 138
6612 28
6613 146
6614 88
6615 56
6616 36
6617 23
6618 48
6619 118
6620 44
6621 124
6622 19
6623 44
6624 44
6625 120
6626 64
6627 132
6628 116
6629 56
6630 41
6631 88
6632 56
6633 26
6634 78
6635 84
6636 108
6637 64
6638 80
6639 12
6640 52
6641 156
6642 44
6643 76
6644 24
6645 100
6646 68
6647 34
6648 128
6649 84
6650 40
6651 27
6652 72
6653 48
6654 70
6655 48
6656 164
6657 28
6658 126
6659 66
6660 50
6661 44
6662 30
6663 124
6664 68
6665 128
6666 16
6667 80
6668 58
6669 102
6670 80
6671 68
6672 102
6673 88
6674 52
6675 40
6676 35
6677 76
6678 40
6679 132
6680 11
6681 48
6682 118
6683 40
6684 96
6685 36
6686 116
6687 64
6688 72
6689 42
6690 27
6691 32
6692 80
6693 120
6694 72
6695 56
6696 90
6697 102
6698 48
6699 84
6700 24
6701 152
6702 48
6703 42
6704 44
6705 27
6706 64
6707 116
6708 90
6709 88
6710 22
6711 64
6712 56
6713 128
6714 72
6715 100
6716 88
6717 41
6718 104
6719 62
6720 40
6721 156
6722 48
6723 72
6724 64
6725 25
6726 38
6727 108
6728 56
6729 176
6730 16
6731 82
6732 53
6733 92
6734 48
6735 60
6736 72
6737 40
6738 15
6739 80
6740 72
6741 97
6742 56
6743 116
6744 32
6745 118
6746 44
6747 52
6748 42
6749 100
6750 80
6751 54
6752 144
6753 16
6754 40
6755 112
6756 28
6757 170
6758 66
6759 48
6760 75
6761 88
6762 40
6763 126
6764 72
6765 184
6766 64
6767 25
6768 60
6769 100
6770 48
6771 64
6772 24
6773 88
6774 48
6775 56
6776 54
6777 28
6778 78
6779 100
6780 12
6781 48
6782 36
6783 91
6784 84
6785 62
6786 112
6787 84
6788 44
6789 68
6790 61
6791 38
6792 104
6793 108
6794 16
6795 60
6796 60
6797 88
6798 64
6799 128
6800 172
6801 64
6802 64
6803 76
6804 32
6805 38
6806 92
6807 100
6808 112
6809 56
6810 16
6811 84
6812 86
6813 60
6814 112
6815 24
6816 74
6817 50
6818 60
6819 48
6820 54
6821 100
6822 80
6823 14
6824 80
6825 44
6826 148
6827 56
6828 112
6829 24
6830 72
6831 64
6832 71
6833 40
6834 25
6835 56
6836 124
6837 56
6838 136
6839 17
6840 64
6841 132
6842 36
6843 80
6844 174
6845 68
6846 42
6847 48
6848 80
6849 24
6850 72
6851 80
6852 92
6853 28
6854 105
6855 64
6856 100
6857 22
6858 120
6859 53
6860 88
6861 56
6862 30
6863 40
6864 168
6865 96
6866 56
6867 19
6868 112
6869 26
6870 106
6871 48
6872 126
6873 24
6874 104
6875 80
6876 73
6877 76
6878 44
6879 42
6880 110
6881 132
6882 96
6883 92
6884 56
6885 88
6886 80
6887 60
6888 46
6889 68
6890 66
6891 52
6892 56
6893 60
6894 72
6895 112
6896 104
6897 12
6898 109
6899 48
6900 124
6901 20
6902 96
6903 88
6904 96
6905 40
6906 22
6907 52
6908 130
6909 120
6910 64
6911 30
6912 72
6913 32
6914 72
6915 20
6916 160
6917 64
6918 27
6919 42
6920 32
6921 76
6922 72
6923 94
6924 84
6925 20
6926 48
6927 40
6928 141
6929 56
6930 126
6931 88
6932 116
6933 36
6934 84
6935 48
6936 35
6937 60
6938 120
6939 100
6940 48
6941 18
6942 48
6943 107
6944 132
6945 20
6946 156
6947 80
6948 40
6949 70
6950 26
6951 70
6952 72
6953 160
6954 64
6955 17
6956 64
6957 52
6958 63
6959 32
6960 72
6961 88
6962 40
6963 40
6964 54
6965 52
6966 112
6967 38
6968 128
6969 13
6970 124
6971 56
6972 143
6973 48
6974 80
6975 72
6976 60
6977 88
6978 64
6979 34
6980 41
6981 44
6982 144
6983 40
6984 108
6985 96
6986 27
6987 72
6988 56
6989 66
6990 26
6991 152
6992 35
6993 64
6994 64
6995 38
6996 60
6997 88
6998 120
6999 128
7000 64
7001 52
7002 125
7003 56
7004 96
7005 16
7006 72
7007 61
7008 60
7009 28
7010 32
7011 176
7012 104
7013 68
7014 20
7015 132
7016 48
7017 100
7018 64
7019 156
7020 134
7021 57
7022 68
7023 60
7024 36
7025 40
7026 102
7027 60
7028 140
7029 56
7030 16
7031 60
7032 120
7033 96
7034 120
7035 32
7036 60
7037 48
7038 48
7039 47
7040 60
7041 80
7042 120
7043 80
7044 13
7045 72
7046 72
7047 144
7048 56
7049 104
7050 28
7051 98
7052 52
7053 62
7054 60
7055 24
7056 64
7057 140
7058 60
7059 168
7060 30
7061 40
7062 96
7063 32
7064 100
7065 102
7066 64
7067 60
7068 86
7069 24
7070 64
7071 116
7072 72
7073 72
7074 104
7075 16
7076 134
7077 48
7078 74
7079 18
7080 104
7081 52
7082 104
7083 54
7084 44
7085 146
7086 84
7087 64
7088 20
7089 58
7090 64
7091 128
7092 24
7093 104
7094 64
7095 72
7096 52
7097 38
7098 112
7099 104
7100 180
7101 18
7102 48
7103 70
7104 76
7105 72
7106 112
7107 96
7108 60
7109 72
7110 48
7111 36
7112 49
7113 62
7114 66
7115 88
7116 64
7117 76
7118 12
7119 60
7120 32
7121 196
7122 16
7123 146
7124 41
7125 116
7126 58
7127 36
7128 144
7129 136
7130 80
7131 21
7132 48
7133 50
7134 122
7135 122
7136 32
7137 116
7138 56
7139 39
7140 56
7141 26
7142 88
7143 106
7144 64
7145 20
7146 44
7147 44
7148 130
7149 68
7150 72
7151 144
7152 120
7153 100
7154 64
7155 30
7156 60
7157 120
7158 56
7159 27
7160 36
7161 95
7162 40
7163 112
7164 26
7165 98
7166 80
7167 60
7168 100
7169 36
7170 32
7171 108
7172 140
7173 72
7174 12
7175 64
7176 48
7177 113
7178 108
7179 24
7180 98
7181 128
7182 44
7183 36
7184 48
7185 86
7186 80
7187 48
7188 13
7189 92
7190 139
7191 80
7192 104
7193 88
7194 52
7195 61
7196 76
7197 56
7198 36
7199 48
7200 98
7201 80
7202 18
7203 76
7204 116
7205 64
7206 28
7207 108
7208 31
7209 96
7210 80
7211 25
7212 48
7213 140
7214 72
7215 72
7216 64
7217 42
7218 150
7219 116
7220 20
7221 148
7222 96
7223 47
7224 56
7225 56
7226 36
7227 104
7228 48
7229 80
7230 30
7231 84
7232 44
7233 81
7234 48
7235 132
7236 138
7237 96
7238 54
7239 48
7240 38
7241 48
7242 76
7243 108
7244 168
7245 40
7246 13
7247 96
7248 83
7249 48
7250 108
7251 44
7252 98
7253 72
7254 48
7255 40
7256 27
7257 82
7258 108
7259 104
7260 64
7261 20
7262 72
7263 116
7264 44
7265 168
7266 20
7267 84
7268 40
7269 95
7270 42
7271 32
7272 44
7273 128
7274 54
7275 160
7276 15
7277 56
7278 66
7279 48
7280 80
7281 142
7282 68
7283 62
7284 64
7285 52
7286 41
7287 92
7288 136
7289 72
7290 76
7291 76
7292 16
7293 48
7294 68
7295 80
7296 30
7297 35
7298 76
7299 56
7300 65
7301 36
7302 108
7303 80
7304 80
7305 20
7306 96
7307 62
7308 84
7309 148
7310 16
7311 188
7312 56
7313 76
7314 72
7315 32
7316 42
7317 84
7318 106
7319 140
7320 13
7321 80
7322 60
7323 90
7324 56
7325 84
7326 60
7327 52
7328 42
7329 50
7330 64
7331 92
7332 60
7333 88
7334 104
7335 18
7336 40
7337 141
7338 68
7339 194
7340 92
7341 50
7342 76
7343 32
7344 24
7345 60
7346 162
7347 152
7348 64
7349 22
7350 48
7351 88
7352 128
7353 36
7354 64
7355 40
7356 114
7357 96
7358 98
7359 21
7360 66
7361 80
7362 72
7363 148
7364 22
7365 88
7366 36
7367 135
7368 64
7369 96
7370 88
7371 40
7372 112
7373 68
7374 36
7375 36
7376 146
7377 68
7378 96
7379 20
7380 36
7381 121
7382 56
7383 140
7384 14
7385 82
7386 96
7387 44
7388 80
7389 48
7390 54
7391 96
7392 112
7393 56
7394 15
7395 96
7396 48
7397 68
7398 68
7399 32
7400 112
7401 100
7402 56
7403 50
7404 64
7405 78
7406 60
7407 152
7408 18
7409 80
7410 64
7411 118
7412 56
7413 144
7414 126
7415 64
7416 64
7417 34
7418 23
7419 48
7420 192
7421 80
7422 120
7423 80
7424 25
7425 76
7426 92
7427 36
7428 92
7429 30
7430 42
7431 44
7432 41
7433 72
7434 84
7435 56
7436 120
7437 18
7438 48
7439 44
7440 161
7441 64
7442 120
7443 24
7444 96
7445 104
7446 34
7447 47
7448 50
7449 108
7450 88
7451 96
7452 16
7453 72
7454 50
7455 105
7456 40
7457 106
7458 154
7459 64
7460 70
7461 76
7462 42
7463 80
7464 60
7465 144
7466 72
7467 18
7468 64
7469 90
7470 84
7471 100
7472 28
7473 84
7474 80
7475 84
7476 40
7477 58
7478 116
7479 152
7480 104
7481 12
7482 96
7483 56
7484 154
7485 32
7486 104
7487 20
7488 64
7489 60
7490 78
7491 44
7492 29
7493 178
7494 80
7495 92
7496 20
7497 100
7498 72
7499 70
7500 96
7501 176
7502 37
7503 56
7504 86
7505 31
7506 84
7507 104
7508 116
7509 80
7510 20
7511 52
7512 136
7513 96
7514 96
7515 20
7516 108
7517 54
7518 64
7519 44
7520 40
7521 38
7522 176
7523 92
7524 48
7525 25
7526 112
7527 48
7528 92
7529 56
7530 160
7531 16
7532 152
7533 64
7534 63
7535 54
7536 36
7537 84
7538 86
7539 116
7540 22
7541 64
7542 74
7543 108
7544 60
7545 120
7546 66
7547 124
7548 48
7549 68
7550 56
7551 50
7552 86
7553 66
7554 60
7555 72
7556 56
7557 154
7558 28
7559 108
7560 24
7561 118
7562 62
7563 80
7564 58
7565 28
7566 64
7567 132
7568 25
7569 72
7570 60
7571 92
7572 44
7573 126
7574 40
7575 88
7576 56
7577 88
7578 20
7579 64
7580 144
7581 86
7582 100
7583 84
7584 32
7585 159
7586 72
7587 96
7588 108
7589 51
7590 72
7591 40
7592 55
7593 164
7594 80
7595 56
7596 20
7597 48
7598 101
7599 64
7600 24
7601 152
7602 43
7603 48
7604 84
7605 54
7606 46
7607 68
7608 148
7609 64
7610 16
7611 60
7612 71
7613 88
7614 80
7615 36
7616 124
7617 56
7618 76
7619 30
7620 39
7621 62
7622 144
7623 52
7624 96
7625 21
7626 80
7627 120
7628 36
7629 182
7630 116
7631 64
7632 70
7633 136
7634 48
7635 28
7636 40
7637 80
7638 56
7639 124
7640 88
7641 26
7642 48
7643 48
7644 112
7645 36
7646 160
7647 37
7648 80
7649 72
7650 20
7651 70
7652 100
7653 64
7654 16
7655 48
7656 54
7657 144
7658 80
7659 70
7660 20
7661 136
7662 120
7663 48
7664 64
7665 41
7666 62
7667 160
7668 72
7669 33
7670 72
7671 36
7672 92
7673 168
7674 120
7675 72
7676 70
7677 60
7678 82
7679 42
7680 128
7681 88
7682 152
7683 12
7684 70
7685 121
7686 88
7687 18
7688 74
7689 44
7690 60
7691 36
7692 45
7693 96
7694 76
7695 96
7696 120
7697 14
7698 136
7699 48
7700 131
7701 48
7702 156
7703 60
7704 72
7705 66
7706 56
7707 36
7708 48
7709 92
7710 74
7711 164
7712 52
7713 72
7714 96
7715 44
7716 80
7717 196
7718 56
7719 55
7720 56
7721 34
7722 48
7723 128
7724 120
7725 100
7726 72
7727 26
7728 68
7729 120
7730 44
7731 96
7732 18
7733 36
7734 124
7735 48
7736 56
7737 56
7738 120
7739 104
7740 64
7741 23
7742 72
7743 32
7744 97
7745 48
7746 150
7747 16
7748 136
7749 62
7750 72
7751 28
7752 66
7753 66
7754 118
7755 128
7756 15
7757 64
7758 84
7759 130
7760 108
7761 88
7762 76
7763 44
7764 66
7765 38
7766 70
7767 120
7768 64
7769 104
7770 64
7771 14
7772 48
7773 107
7774 52
7775 126
7776 36
7777 72
7778 93
7779 136
7780 68
7781 32
7782 56
7783 172
7784 184
7785 80
7786 18
7787 64
7788 84
7789 124
7790 56
7791 72
7792 28
7793 134
7794 88
7795 47
7796 42
7797 58
7798 116
7799 88
7800 96
7801 16
7802 72
7803 130
7804 84
7805 66
7806 112
7807 76
7808 46
7809 60
7810 54
7811 38
7812 162
7813 84
7814 96
7815 84
7816 16
7817 44
7818 58
7819 64
7820 160
7821 22
7822 184
7823 90
7824 64
7825 44
7826 48
7827 120
7828 84
7829 48
7830 20
7831 96
7832 76
7833 56
7834 120
7835 24
7836 74
7837 112
7838 56
7839 32
7840 65
7841 56
7842 86
7843 48
7844 112
7845 17
7846 88
7847 60
7848 165
7849 64
7850 160
7851 74
7852 84
7853 67
7854 120
7855 64
7856 31
7857 96
7858 64
7859 112
7860 48
7861 20
7862 72
7863 144
7864 32
7865 114
7866 40
7867 154
7868 72
7869 84
7870 92
7871 112
7872 104
7873 20
7874 72
7875 40
7876 99
7877 56
7878 104
7879 20
7880 92
7881 80
7882 37
7883 76
7884 60
7885 42
7886 116
7887 132
7888 25
7889 68
7890 38
7891 101
7892 152
7893 120
7894 104
7895 92
7896 56
7897 48
7898 36
7899 60
7900 124
7901 104
7902 144
7903 64
7904 11
7905 72
7906 59
7907 100
7908 124
7909 26
7910 56
7911 60
7912 52
7913 48
7914 52
7915 64
7916 112
7917 14
7918 80
7919 84
7920 122
7921 40
7922 24
7923 130
7924 48
7925 72
7926 48
7927 31
7928 48
7929 156
7930 66
7931 140
7932 28
7933 64
7934 84
7935 124
7936 36
7937 96
7938 156
7939 64
7940 51
7941 96
7942 60
7943 30
7944 60
7945 84
7946 80
7947 64
7948 152
7949 48
7950 156
7951 104
7952 104
7953 108
7954 46
7955 100
7956 48
7957 36
7958 42
7959 138
7960 96
7961 48
7962 23
7963 96
7964 44
7965 131
7966 56
7967 128
7968 28
7969 198
7970 64
7971 72
7972 80
7973 28
7974 44
7975 96
7976 74
7977 144
7978 16
7979 58
7980 69
7981 68
7982 136
7983 92
7984 80
7985 48
7986 64
7987 48
7988 48
7989 56
7990 150
7991 64
7992 112
7993 72
7994 15
7995 153
7996 48
7997 100
7998 20
7999 92
8000 83
8001 88
8002 38
8003 39
8004 60
8005 212
8006 120
8007 104
8008 21
8009 96
8010 60
8011 64
8012 68
8013 40
8014 33
8015 104
8016 23
8017 104
8018 122
8019 96
8020 16
8021 48
8022 60
8023 146
8024 92
8025 80
8026 128
8027 72
8028 70
8029 80
8030 48
8031 42
8032 40
8033 96
8034 68
8035 120
8036 72
8037 31
8038 60
8039 86
8040 128
8041 18
8042 154
8043 48
8044 72
8045 60
8046 54
8047 48
8048 66
8049 112
8050 64
8051 20
8052 64
8053 76
8054 110
8055 68
8056 40
8057 80
8058 40
8059 40
8060 47
8061 100
8062 100
8063 82
8064 104
8065 11
8066 76
8067 60
8068 132
8069 48
8070 154
8071 120
8072 68
8073 72
8074 44
8075 36
8076 84
8077 152
8078 56
8079 168
8080 80
8081 21
8082 128
8083 28
8084 132
8085 40
8086 96
8087 50
8088 88
8089 66
8090 32
8091 78
8092 124
8093 88
8094 18
8095 64
8096 42
8097 140
8098 72
8099 70
8100 16
8101 100
8102 69
8103 40
8104 57
8105 52
8106 196
8107 64
8108 76
8109 21
8110 132
8111 48
8112 72
8113 80
8114 124
8115 132
8116 60
8117 88
8118 36
8119 68
8120 96
8121 200
8122 80
8123 16
8124 56
8125 99
8126 56
8127 104
8128 30
8129 124
8130 64
8131 30
8132 62
8133 110
8134 80
8135 96
8136 18
8137 120
8138 56
8139 148
8140 44
8141 204
8142 24
8143 126
8144 64
8145 53
8146 34
8147 40
8148 80
8149 136
8150 60
8151 120
8152 27
8153 48
8154 56
8155 150
8156 68
8157 82
8158 110
8159 76
8160 30
8161 24
8162 84
8163 120
8164 104
8165 84
8166 14
8167 72
8168 174
8169 64
8170 72
8171 30
8172 144
8173 52
8174 92
8175 45
8176 48
8177 84
8178 48
8179 26
8180 88
8181 36
8182 79
8183 64
8184 194
8185 126
8186 56
8187 92
8188 68
8189 50
8190 116
8191 78
8192 192
8193 14
8194 128
8195 60
8196 81
8197 80
8198 96
8199 96
8200 120
8201 56
8202 56
8203 52
8204 57
8205 64
8206 100
8207 64
8208 96
8209 112
8210 16
8211 56
8212 134
8213 40
8214 128
8215 32
8216 92
8217 74
8218 108
8219 48
8220 39
8221 98
8222 188
8223 112
8224 24
8225 48
8226 84
8227 78
8228 60
8229 104
8230 24
8231 176
8232 56
8233 70
8234 64
8235 36
8236 72
8237 110
8238 76
8239 20
8240 60
8241 70
8242 148
8243 48
8244 154
8245 140
8246 80
8247 41
8248 140
8249 48
8250 58
8251 120
8252 72
8253 72
8254 28
8255 44
8256 64
8257 128
8258 24
8259 112
8260 69
8261 64
8262 60
8263 40
8264 42
8265 84
8266 128
8267 72
8268 14
8269 48
8270 82
8271 128
8272 56
8273 88
8274 24
8275 122
8276 140
8277 72
8278 48
8279 33
8280 92
8281 52
8282 17
8283 64
8284 48
8285 132
8286 40
8287 144
8288 96
8289 52
8290 80
8291 92
8292 52
8293 30
8294 40
8295 188
8296 56
8297 180
8298 20
8299 66
8300 124
8301 48
8302 78
8303 36
8304 132
8305 58
8306 48
8307 60
8308 38
8309 102
8310 132
8311 96
8312 64
8313 32
8314 147
8315 92
8316 72
8317 32
8318 96
8319 104
8320 31
8321 47
8322 42
8323 144
8324 88
8325 100
8326 24
8327 116
8328 72
8329 94
8330 64
8331 160
8332 114
8333 56
8334 89
8335 64
8336 72
8337 32
8338 48
8339 124
8340 112
8341 44
8342 21
8343 80
8344 112
8345 52
8346 148
8347 28
8348 80
8349 44
8350 88
8351 50
8352 54
8353 64
8354 76
8355 144
8356 104
8357 18
8358 80
8359 171
8360 56
8361 32
8362 86
8363 68
8364 57
8365 40
8366 29
8367 52
8368 126
8369 76
8370 30
8371 44
8372 104
8373 40
8374 158
8375 60
8376 48
8377 80
8378 72
8379 26
8380 102
8381 136
8382 96
8383 120
8384 16
8385 34
8386 103
8387 56
8388 140
8389 20
8390 128
8391 65
8392 108
8393 60
8394 46
8395 44
8396 114
8397 112
8398 16
8399 104
8400 56
8401 132
8402 120
8403 16
8404 162
8405 64
8406 77
8407 74
8408 50
8409 72
8410 112
8411 84
8412 96
8413 10
8414 96
8415 96
8416 74
8417 92
8418 108
8419 84
8420 52
8421 64
8422 67
8423 60
8424 88
8425 80
8426 104
8427 124
8428 72
8429 124
8430 60
8431 160
8432 74
8433 85
8434 104
8435 36
8436 29
8437 52
8438 140
8439 128
8440 56
8441 30
8442 64
8443 70
8444 108
8445 48
8446 102
8447 28
8448 194
8449 56
8450 49
8451 64
8452 45
8453 68
8454 112
8455 110
8456 68
8457 52
8458 32
8459 162
8460 96
8461 156
8462 120
8463 40
8464 84
8465 48
8466 33
8467 58
8468 116
8469 92
8470 104
8471 48
8472 26
8473 58
8474 110
8475 64
8476 100
8477 18
8478 184
8479 46
8480 60
8481 76
8482 36
8483 44
8484 140
8485 216
8486 48
8487 15
8488 68
8489 79
8490 48
8491 112
8492 36
8493 72
8494 88
8495 80
8496 52
8497 56
8498 120
8499 72
8500 120
8501 18
8502 140
8503 40
8504 178
8505 40
8506 146
8507 82
8508 100
8509 91
8510 72
8511 52
8512 36
8513 80
8514 160
8515 56
8516 104
8517 96
8518 25
8519 94
8520 68
8521 88
8522 22
8523 168
8524 44
8525 94
8526 54
8527 112
8528 108
8529 104
8530 24
8531 56
8532 54
8533 114
8534 100
8535 88
8536 24
8537 84
8538 44
8539 41
8540 48
8541 186
8542 100
8543 88
8544 22
8545 96
8546 48
8547 48
8548 172
8549 172
8550 80
8551 55
8552 76
8553 56
8554 40
8555 72
8556 124
8557 80
8558 17
8559 66
8560 123
8561 96
8562 128
8563 40
8564 112
8565 56
8566 96
8567 56
8568 38
8569 108
8570 72
8571 80
8572 88
8573 11
8574 112
8575 72
8576 152
8577 44
8578 132
8579 28
8580 88
8581 72
8582 92
8583 56
8584 28
8585 144
8586 68
8587 168
8588 34
8589 48
8590 60
8591 120
8592 36
8593 86
8594 144
8595 52
8596 75
8597 112
8598 88
8599 28
8600 46
8601 68
8602 136
8603 96
8604 16
8605 36
8606 173
8607 80
8608 18
8609 132
8610 70
8611 76
8612 64
8613 46
8614 54
8615 204
8616 76
8617 80
8618 22
8619 96
8620 60
8621 64
8622 64
8623 160
8624 36
8625 152
8626 64
8627 54
8628 80
8629 44
8630 58
8631 92
8632 106
8633 164
8634 14
8635 64
8636 80
8637 81
8638 88
8639 108
8640 88
8641 58
8642 56
8643 42
8644 52
8645 54
8646 116
8647 72
8648 72
8649 18
8650 60
8651 164
8652 52
8653 188
8654 24
8655 84
8656 54
8657 112
8658 40
8659 27
8660 64
8661 116
8662 108
8663 33
8664 56
8665 52
8666 140
8667 48
8668 136
8669 124
8670 96
8671 50
8672 64
8673 30
8674 72
8675 100
8676 124
8677 112
8678 68
8679 156
8680 72
8681 84
8682 108
8683 124
8684 36
8685 80
8686 68
8687 50
8688 50
8689 116
8690 60
8691 60
8692 32
8693 48
8694 93
8695 40
8696 192
8697 20
8698 120
8699 72
8700 96
8701 72
8702 36
8703 56
8704 116
8705 192
8706 80
8707 15
8708 64
8709 119
8710 96
8711 116
8712 20
8713 76
8714 108
8715 80
8716 40
8717 70
8718 70
8719 80
8720 68
8721 80
8722 13
8723 132
8724 144
8725 48
8726 108
8727 44
8728 60
8729 92
8730 60
8731 40
8732 156
8733 72
8734 168
8735 64
8736 16
8737 118
8738 60
8739 88
8740 34
8741 172
8742 64
8743 64
8744 52
8745 29
8746 54
8747 176
8748 72
8749 80
8750 32
8751 80
8752 48
8753 88
8754 72
8755 16
8756 176
8757 55
8758 48
8759 41
8760 48
8761 140
8762 112
8763 21
8764 80
8765 30
8766 113
8767 174
8768 160
8769 64
8770 85
8771 80
8772 96
8773 34
8774 50
8775 82
8776 128
8777 144
8778 88
8779 12
8780 80
8781 97
8782 64
8783 42
8784 124
8785 56
8786 58
8787 44
8788 78
8789 96
8790 152
8791 96
8792 20
8793 96
8794 44
8795 136
8796 48
8797 150
8798 88
8799 72
8800 71
8801 60
8802 36
8803 44
8804 210
8805 44
8806 160
8807 20
8808 84
8809 72
8810 140
8811 48
8812 88
8813 100
8814 52
8815 45
8816 104
8817 62
8818 42
8819 112
8820 124
8821 120
8822 72
8823 96
8824 18
8825 56
8826 139
8827 64
8828 100
8829 24
8830 38
8831 64
8832 92
8833 64
8834 54
8835 148
8836 96
8837 24
8838 64
8839 44
8840 91
8841 64
8842 136
8843 16
8844 158
8845 95
8846 64
8847 24
8848 46
8849 76
8850 120
8851 140
8852 21
8853 72
8854 102
8855 92
8856 72
8857 160
8858 112
8859 104
8860 80
8861 36
8862 44
8863 88
8864 112
8865 68
8866 136
8867 112
8868 22
8869 44
8870 147
8871 48
8872 196
8873 24
8874 80
8875 78
8876 96
8877 36
8878 80
8879 100
8880 120
8881 72
8882 24
8883 56
8884 90
8885 148
8886 32
8887 86
8888 40
8889 210
8890 92
8891 38
8892 96
8893 31
8894 106
8895 80
8896 58
8897 92
8898 22
8899 64
8900 60
8901 135
8902 108
8903 112
8904 68
8905 64
8906 128
8907 38
8908 192
8909 68
8910 84
8911 72
8912 20
8913 54
8914 128
8915 72
8916 90
8917 18
8918 138
8919 88
8920 64
8921 72
8922 44
8923 108
8924 160
8925 80
8926 11
8927 80
8928 80
8929 110
8930 96
8931 120
8932 40
8933 116
8934 80
8935 48
8936 46
8937 55
8938 56
8939 100
8940 128
8941 16
8942 108
8943 56
8944 106
8945 52
8946 176
8947 126
8948 64
8949 88
8950 96
8951 32
8952 27
8953 196
8954 68
8955 96
8956 72
8957 31
8958 60
8959 136
8960 56
8961 132
8962 178
8963 46
8964 72
8965 68
8966 43
8967 72
8968 136
8969 20
8970 64
8971 56
8972 181
8973 64
8974 16
8975 116
8976 88
8977 37
8978 48
8979 51
8980 56
8981 100
8982 120
8983 17
8984 120
8985 60
8986 117
8987 48
8988 136
8989 148
8990 112
8991 90
8992 52
8993 112
8994 32
8995 74
8996 84
8997 48
8998 28
8999 68
9000 64
9001 68
9002 152
9003 46
9004 70
9005 62
9006 72
9007 40
9008 60
9009 58
9010 102
9011 88
9012 15
9013 104
9014 52
9015 141
9016 56
9017 164
9018 24
9019 76
9020 80
9021 84
9022 52
9023 39
9024 80
9025 180
9026 176
9027 15
9028 68
9029 64
9030 100
9031 68
9032 88
9033 128
9034 60
9035 48
9036 64
9037 60
9038 39
9039 66
9040 84
9041 140
9042 140
9043 112
9044 60
9045 145
9046 88
9047 96
9048 152
9049 41
9050 96
9051 56
9052 51
9053 40
9054 164
9055 72
9056 48
9057 30
9058 152
9059 70
9060 76
9061 48
9062 152
9063 24
9064 156
9065 96
9066 84
9067 60
9068 56
9069 44
9070 106
9071 66
9072 108
9073 25
9074 72
9075 128
9076 96
9077 124
9078 104
9079 152
9080 48
9081 88
9082 48
9083 35
9084 100
9085 96
9086 52
9087 96
9088 17
9089 185
9090 36
9091 102
9092 36
9093 130
9094 92
9095 92
9096 56
9097 26
9098 64
9099 172
9100 180
9101 64
9102 30
9103 80
9104 48
9105 40
9106 104
9107 44
9108 124
9109 48
9110 41
9111 108
9112 26
9113 56
9114 188
9115 60
9116 136
9117 16
9118 68
9119 42
9120 182
9121 88
9122 84
9123 80
9124 152
9125 50
9126 76
9127 64
9128 64
9129 58
9130 170
9131 96
9132 68
9133 68
9134 24
9135 48
9136 86
9137 152
9138 26
9139 168
9140 67
9141 60
9142 82
9143 32
9144 52
9145 96
9146 80
9147 80
9148 74
9149 108
9150 72
9151 28
9152 118
9153 72
9154 76
9155 64
9156 66
9157 120
9158 90
9159 88
9160 16
9161 124
9162 88
9163 144
9164 32
9165 108
9166 142
9167 72
9168 78
9169 136
9170 34
9171 47
9172 56
9173 116
9174 72
9175 168
9176 64
9177 19
9178 70
9179 128
9180 48
9181 130
9182 32
9183 86
9184 48
9185 128
9186 56
9187 27
9188 112
9189 112
9190 112
9191 80
9192 18
9193 48
9194 60
9195 154
9196 72
9197 116
9198 120
9199 50
9200 64
9201 55
9202 68
9203 160
9204 64
9205 92
9206 29
9207 44
9208 98
9209 64
9210 198
9211 170
9212 86
9213 68
9214 112
9215 52
9216 44
9217 120
9218 72
9219 160
9220 12
9221 64
9222 108
9223 64
9224 96
9225 32
9226 78
9227 60
9228 34
9229 60
9230 80
9231 116
9232 104
9233 120
9234 15
9235 96
9236 130
9237 68
9238 144
9239 28
9240 112
9241 56
9242 69
9243 72
9244 38
9245 40
9246 114
9247 80
9248 180
9249 28
9250 64
9251 100
9252 104
9253 48
9254 88
9255 188
9256 56
9257 60
9258 64
9259 29
9260 52
9261 132
9262 128
9263 100
9264 104
9265 20
9266 44
9267 84
9268 90
9269 18
9270 184
9271 46
9272 96
9273 58
9274 72
9275 140
9276 72
9277 64
9278 37
9279 80
9280 36
9281 131
9282 96
9283 160
9284 24
9285 114
9286 112
9287 63
9288 92
9289 50
9290 100
9291 136
9292 144
9293 12
9294 72
9295 90
9296 137
9297 84
9298 80
9299 80
9300 108
9301 48
9302 60
9303 76
9304 33
9305 72
9306 96
9307 52
9308 144
9309 84
9310 23
9311 52
9312 142
9313 48
9314 192
9315 32
9316 87
9317 100
9318 52
9319 28
9320 192
9321 188
9322 96
9323 19
9324 96
9325 56
9326 142
9327 78
9328 24
9329 84
9330 62
9331 60
9332 40
9333 62
9334 112
9335 96
9336 20
9337 76
9338 48
9339 111
9340 64
9341 100
9342 112
9343 112
9344 120
9345 72
9346 56
9347 42
9348 156
9349 124
9350 64
9351 46
9352 105
9353 80
9354 16
9355 200
9356 93
9357 72
9358 64
9359 40
9360 40
9361 130
9362 136
9363 72
9364 16
9365 80
9366 116
9367 96
9368 52
9369 136
9370 24
9371 110
9372 80
9373 54
9374 44
9375 70
9376 108
9377 108
9378 48
9379 21
9380 96
9381 68
9382 160
9383 56
9384 174
9385 76
9386 80
9387 59
9388 140
9389 40
9390 29
9391 56
9392 114
9393 72
9394 144
9395 23
9396 104
9397 152
9398 48
9399 72
9400 34
9401 234
9402 64
9403 112
9404 29
9405 92
9406 112
9407 140
9408 104
9409 64
9410 40
9411 160
9412 48
9413 126
9414 24
9415 120
9416 80
9417 70
9418 76
9419 44
9420 50
9421 160
9422 92
9423 96
9424 28
9425 100
9426 40
9427 108
9428 56
9429 184
9430 136
9431 80
9432 65
9433 68
9434 62
9435 32
9436 68
9437 120
9438 120
9439 152
9440 88
9441 60
9442 71
9443 88
9444 116
9445 48
9446 52
9447 60
9448 64
9449 72
9450 62
9451 92
9452 176
9453 96
9454 16
9455 96
9456 153
9457 72
9458 144
9459 24
9460 136
9461 48
9462 73
9463 44
9464 22
9465 48
9466 124
9467 78
9468 112
9469 38
9470 104
9471 96
9472 40
9473 142
9474 146
9475 47
9476 80
9477 88
9478 36
9479 72
9480 120
9481 88
9482 112
9483 104
9484 24
9485 44
9486 164
9487 92
9488 100
9489 20
9490 112
9491 39
9492 64
9493 50
9494 52
9495 156
9496 128
9497 48
9498 25
9499 72
9500 76
9501 112
9502 152
9503 32
9504 142
9505 120
9506 56
9507 32
9508 60
9509 120
9510 116
9511 192
9512 15
9513 64
9514 48
9515 79
9516 76
9517 92
9518 84
9519 96
9520 56
9521 50
9522 60
9523 94
9524 104
9525 48
9526 112
9527 136
9528 11
9529 60
9530 167
9531 40
9532 160
9533 120
9534 79
9535 100
9536 64
9537 45
9538 84
9539 144
9540 144
9541 96
9542 20
9543 88
9544 80
9545 108
9546 52
9547 80
9548 40
9549 132
9550 48
9551 50
9552 70
9553 52
9554 64
9555 84
9556 90
9557 132
9558 16
9559 60
9560 118
9561 112
9562 68
9563 124
9564 73
9565 45
9566 42
9567 206
9568 76
9569 88
9570 56
9571 27
9572 64
9573 124
9574 40
9575 212
9576 24
9577 154
9578 78
9579 80
9580 70
9581 44
9582 48
9583 92
9584 112
9585 64
9586 20
9587 96
9588 58
9589 101
9590 112
9591 168
9592 32
9593 78
9594 112
9595 34
9596 84
9597 72
9598 90
9599 160
9600 13
9601 96
9602 60
9603 195
9604 48
9605 116
9606 98
9607 84
9608 76
9609 88
9610 66
9611 35
9612 64
9613 176
9614 56
9615 216
9616 64
9617 36
9618 70
9619 102
9620 40
9621 156
9622 26
9623 132
9624 61
9625 96
9626 68
9627 140
9628 112
9629 80
9630 26
9631 88
9632 40
9633 180
9634 64
9635 24
9636 88
9637 160
9638 64
9639 60
9640 172
9641 48
9642 120
9643 29
9644 152
9645 56
9646 92
9647 56
9648 98
9649 196
9650 42
9651 48
9652 84
9653 50
9654 64
9655 128
9656 148
9657 76
9658 20
9659 109
9660 84
9661 120
9662 30
9663 96
9664 64
9665 42
9666 52
9667 66
9668 128
9669 96
9670 96
9671 15
9672 120
9673 64
9674 154
9675 64
9676 192
9677 28
9678 120
9679 56
9680 51
9681 40
9682 31
9683 146
9684 66
9685 128
9686 24
9687 56
9688 64
9689 158
9690 76
9691 140
9692 144
9693 68
9694 36
9695 88
9696 80
9697 34
9698 104
9699 112
9700 80
9701 104
9702 20
9703 56
9704 171
9705 68
9706 72
9707 36
9708 128
9709 58
9710 76
9711 60
9712 43
9713 66
9714 104
9715 80
9716 120
9717 52
9718 76
9719 56
9720 168
9721 172
9722 64
9723 105
9724 92
9725 44
9726 36
9727 92
9728 102
9729 188
9730 12
9731 80
9732 68
9733 133
9734 56
9735 96
9736 128
9737 88
9738 90
9739 48
9740 52
9741 60
9742 72
9743 138
9744 124
9745 16
9746 80
9747 124
9748 76
9749 92
9750 32
9751 80
9752 70
9753 84
9754 60
9755 32
9756 48
9757 184
9758 180
9759 32
9760 48
9761 96
9762 72
9763 104
9764 36
9765 174
9766 52
9767 49
9768 68
9769 41
9770 78
9771 156
9772 128
9773 112
9774 80
9775 60
9776 148
9777 64
9778 144
9779 132
9780 80
9781 39
9782 112
9783 64
9784 61
9785 108
9786 96
9787 84
9788 80
9789 30
9790 36
9791 141
9792 64
9793 198
9794 24
9795 84
9796 91
9797 56
9798 88
9799 44
9800 76
9801 82
9802 56
9803 18
9804 68
9805 91
9806 108
9807 40
9808 152
9809 152
9810 44
9811 42
9812 39
9813 90
9814 88
9815 78
9816 176
9817 20
9818 120
9819 120
9820 40
9821 192
9822 76
9823 84
9824 96
9825 100
9826 64
9827 38
9828 56
9829 200
9830 52
9831 216
9832 18
9833 60
9834 56
9835 84
9836 26
9837 160
9838 67
9839 64
9840 58
9841 41
9842 90
9843 140
9844 64
9845 128
9846 16
9847 88
9848 56
9849 164
9850 80
9851 126
9852 32
9853 144
9854 80
9855 48
9856 100
9857 64
9858 44
9859 96
9860 104
9861 84
9862 72
9863 67
9864 136
9865 146
9866 56
9867 95
9868 72
9869 90
9870 40
9871 40
9872 144
9873 116
9874 136
9875 56
9876 22
9877 98
9878 112
9879 60
9880 22
9881 166
9882 60
9883 84
9884 40
9885 64
9886 72
9887 72
9888 112
9889 144
9890 23
9891 64
9892 52
9893 180
9894 68
9895 144
9896 116
9897 80
9898 72
9899 64
9900 22
9901 76
9902 176
9903 84
9904 120
9905 22
9906 60
9907 70
9908 136
9909 44
9910 112
9911 234
9912 96
9913 48
9914 88
9915 72
9916 26
9917 80
9918 104
9919 84
9920 84
9921 108
9922 24
9923 48
9924 153
9925 84
9926 112
9927 30
9928 62
9929 148
9930 56
9931 60
9932 42
9933 188
9934 56
9935 21
9936 128
9937 50
9938 128
9939 72
9940 88
9941 16
9942 118
9943 88
9944 72
9945 52
9946 56
9947 142
9948 96
9949 132
9950 19
9951 72
9952 118
9953 76
9954 132
9955 88
9956 84
9957 56
9958 48
9959 68
9960 90
9961 64
9962 72
9963 128
9964 152
9965 18
9966 104
9967 128
9968 144
9969 20
9970 152
9971 112
9972 40
9973 30
9974 56
9975 156
9976 184
9977 80
9978 27
9979 72
9980 100
9981 32
9982 168
9983 32
9984 178
9985 80
9986 54
9987 64
9988 29
9989 104
9990 104
9991 114
9992 104
9993 20
9994 60
9995 38
9996 156
9997 112
9998 146
9999 112
10000 100






