1 1
2 2
3 2
4 3
5 2
6 2
7 3
8 2
9 5
10 2
11 3
12 2
13 7
14 3
15 5
16 2
17 2
18 2
19 2
20 7
21 5
22 3
23 2
24 3
25 5
26 2
27 5
28 2
29 11
30 3
31 3
32 2
33 3
34 2
35 2
36 7
37 5
38 2
39 5
40 2
41 2
42 2
43 19
44 5
45 2
46 3
47 2
48 3
49 2
50 7
51 3
52 7
53 7
54 11
55 3
56 5
57 2
58 43
59 5
60 3
61 3
62 2
63 5
64 17
65 17
66 2
67 3
68 19
69 2
70 2
71 3
72 7
73 11
74 2
75 2
76 5
77 2
78 5
79 3
80 29
81 2
82 2
83 7
84 5
85 17
86 2
87 3
88 13
89 2
90 3
91 2
92 13
93 3
94 2
95 7
96 5
97 2
98 3
99 2
100 2
101 2
102 2
103 2
104 3
105 3
106 5
107 2
108 3
109 7
110 7
111 3
112 2
113 3
114 2
115 3
116 3
117 11
118 5
119 2
120 2
121 2
122 5
123 2
124 5
125 3
126 2
127 2
128 11
129 5
130 7
131 3
132 5
133 3
134 2
135 7
136 11
137 2
138 2
139 2
140 3
141 3
142 2
143 3
144 2
145 2
146 11
147 2
148 3
149 2
150 5
151 2
152 3
153 2
154 5
155 2
156 17
157 7
158 3
159 5
160 2
161 2
162 3
163 5
164 11
165 3
166 5
167 7
168 7
169 11
170 3
171 2
172 31
173 37
174 5
175 3
176 3
177 7
178 2
179 3
180 7
181 3
182 2
183 5
184 3
185 5
186 2
187 2
188 2
189 11
190 17
191 5
192 5
193 2
194 7
195 2
196 3
197 11
198 2
199 3
200 5
201 2
202 3
203 2
204 7
205 2
206 2
207 3
208 2
209 11
210 2
211 17
212 2
213 7
214 2
215 13
216 13
217 3
218 3
219 5
220 2
221 2
222 13
223 3
224 3
225 2
226 11
227 3
228 7
229 3
230 2
231 2
232 3
233 7
234 3
235 2
236 5
237 29
238 2
239 2
240 11
241 2
242 2
243 5
244 2
245 3
246 19
247 3
248 2
249 3
250 5
251 11
252 3
253 5
254 7
255 3
256 2
257 2
258 3
259 2
260 11
261 3
262 2
263 2
264 2
265 3
266 3
267 3
268 3
269 3
270 2
271 2
272 2
273 7
274 7
275 5
276 11
277 2
278 19
279 11
280 41
281 5
282 3
283 5
284 2
285 2
286 19
287 37
288 2
289 11
290 3
291 2
292 2
293 3
294 2
295 5
296 2
297 3
298 2
299 2
300 2
301 5
302 2
303 3
304 5
305 3
306 5
307 2
308 2
309 7
310 2
311 5
312 2
313 3
314 2
315 5
316 7
317 2
318 7
319 5
320 3
321 2
322 23
323 2
324 3
325 3
326 23
327 7
328 5
329 5
330 2
331 2
332 2
333 3
334 2
335 7
336 2
337 2
338 3
339 7
340 19
341 2
342 5
343 2
344 3
345 2
346 2
347 7
348 3
349 13
350 2
351 2
352 5
353 3
354 5
355 2
356 3
357 11
358 17
359 3
360 5
361 2
362 11
363 5
364 2
365 2
366 5
367 2
368 3
369 17
370 2
371 2
372 5
373 2
374 19
375 2
376 2
377 7
378 7
379 3
380 5
381 2
382 3
383 3
384 3
385 2
386 5
387 7
388 2
389 2
390 5
391 19
392 2
393 2
394 2
395 7
396 5
397 3
398 3
399 3
400 2
401 13
402 3
403 3
404 3
405 2
406 53
407 2
408 3
409 2
410 2
411 5
412 2
413 2
414 2
415 11
416 2
417 7
418 5
419 3
420 5
421 2
422 5
423 5
424 2
425 13
426 2
427 2
428 3
429 11
430 17
431 23
432 2
433 2
434 5
435 2
436 3
437 11
438 13
439 2
440 13
441 2
442 3
443 11
444 7
445 7
446 3
447 3
448 5
449 7
450 7
451 2
452 11
453 2
454 3
455 5
456 19
457 11
458 23
459 2
460 3
461 3
462 3
463 2
464 17
465 2
466 11
467 31
468 2
469 3
470 3
471 5
472 2
473 11
474 31
475 2
476 5
477 3
478 3
479 5
480 2
481 5
482 3
483 7
484 2
485 3
486 2
487 2
488 2
489 2
490 7
491 2
492 5
493 17
494 2
495 2
496 7
497 2
498 2
499 3
500 2
501 2
502 3
503 3
504 5
505 2
506 3
507 5
508 31
509 2
510 2
511 2
512 13
513 5
514 2
515 2
516 5
517 2
518 2
519 7
520 3
521 2
522 7
523 3
524 5
525 7
526 2
527 5
528 2
529 2
530 3
531 3
532 3
533 5
534 2
535 2
536 5
537 2
538 13
539 11
540 2
541 13
542 2
543 3
544 2
545 3
546 2
547 3
548 2
549 13
550 2
551 3
552 2
553 5
554 2
555 2
556 2
557 3
558 3
559 17
560 5
561 3
562 11
563 2
564 2
565 2
566 17
567 5
568 13
569 2
570 2
571 5
572 2
573 3
574 5
575 11
576 7
577 3
578 2
579 2
580 3
581 3
582 2
583 2
584 2
585 2
586 7
587 5
588 2
589 3
590 5
591 3
592 3
593 11
594 2
595 2
596 2
597 2
598 17
599 2
600 3
601 3
602 3
603 43
604 3
605 2
606 3
607 5
608 3
609 2
610 2
611 2
612 7
613 2
614 3
615 5
616 2
617 7
618 11
619 3
620 5
621 11
622 5
623 2
624 2
625 2
626 3
627 5
628 3
629 3
630 23
631 3
632 3
633 11
634 2
635 5
636 7
637 2
638 17
639 5
640 19
641 3
642 11
643 2
644 2
645 3
646 7
647 7
648 2
649 3
650 3
651 11
652 11
653 2
654 3
655 3
656 13
657 13
658 11
659 2
660 3
661 7
662 7
663 2
664 5
665 11
666 2
667 2
668 5
669 3
670 2
671 3
672 2
673 3
674 3
675 11
676 2
677 2
678 2
679 3
680 5
681 2
682 11
683 2
684 19
685 3
686 2
687 5
688 13
689 2
690 2
691 2
692 7
693 17
694 2
695 7
696 13
697 3
698 2
699 3
700 7
701 7
702 3
703 5
704 2
705 5
706 2
707 3
708 11
709 3
710 2
711 3
712 7
713 3
714 5
715 3
716 3
717 3
718 5
719 3
720 2
721 7
722 7
723 2
724 3
725 2
726 2
727 3
728 2
729 13
730 11
731 5
732 13
733 2
734 2
735 13
736 2
737 19
738 11
739 5
740 7
741 53
742 3
743 2
744 5
745 3
746 2
747 3
748 2
749 11
750 2
751 2
752 19
753 2
754 5
755 2
756 11
757 2
758 2
759 7
760 7
761 3
762 5
763 2
764 17
765 2
766 11
767 2
768 3
769 2
770 7
771 3
772 5
773 2
774 11
775 31
776 3
777 5
778 2
779 5
780 2
781 7
782 3
783 2
784 3
785 2
786 2
787 5
788 5
789 5
790 2
791 2
792 19
793 17
794 3
795 7
796 2
797 3
798 7
799 2
800 5
801 5
802 3
803 3
804 2
805 2
806 3
807 2
808 2
809 5
810 3
811 2
812 5
813 3
814 5
815 2
816 11
817 2
818 7
819 2
820 17
821 7
822 2
823 2
824 3
825 19
826 3
827 3
828 13
829 19
830 3
831 2
832 2
833 2
834 2
835 17
836 3
837 3
838 3
839 2
840 3
841 7
842 2
843 13
844 7
845 2
846 17
847 11
848 5
849 3
850 3
851 5
852 29
853 13
854 3
855 2
856 2
857 2
858 2
859 11
860 5
861 7
862 3
863 2
864 2
865 5
866 2
867 11
868 2
869 3
870 3
871 2
872 2
873 2
874 7
875 11
876 2
877 3
878 2
879 2
880 3
881 31
882 3
883 5
884 2
885 3
886 2
887 2
888 2
889 7
890 2
891 2
892 2
893 7
894 13
895 5
896 2
897 3
898 5
899 31
900 5
901 3
902 2
903 2
904 2
905 3
906 2
907 5
908 2
909 7
910 5
911 2
912 3
913 5
914 7
915 7
916 3
917 17
918 2
919 3
920 3
921 2
922 5
923 2
924 2
925 2
926 2
927 5
928 2
929 2
930 5
931 2
932 19
933 7
934 2
935 19
936 2
937 7
938 7
939 5
940 2
941 5
942 3
943 2
944 3
945 2
946 2
947 7
948 5
949 7
950 2
951 2
952 2
953 2
954 3
955 7
956 2
957 2
958 2
959 13
960 13
961 2
962 3
963 5
964 2
965 37
966 2
967 5
968 2
969 7
970 2
971 3
972 2
973 3
974 17
975 11
976 2
977 3
978 5
979 2
980 3
981 5
982 7
983 31
984 2
985 3
986 2
987 3
988 3
989 5
990 2
991 13
992 2
993 3
994 5
995 2
996 3
997 2
998 2
999 2
1000 7
1001 3
1002 2
1003 3
1004 2
1005 13
1006 5
1007 5
1008 3
1009 43
1010 5
1011 11
1012 2
1013 3
1014 2
1015 3
1016 5
1017 17
1018 2
1019 29
1020 11
1021 2
1022 2
1023 2
1024 7
1025 3
1026 2
1027 2
1028 17
1029 7
1030 2
1031 2
1032 11
1033 37
1034 2
1035 2
1036 3
1037 2
1038 3
1039 3
1040 2
1041 2
1042 3
1043 3
1044 19
1045 7
1046 5
1047 2
1048 3
1049 5
1050 2
1051 19
1052 3
1053 5
1054 2
1055 3
1056 2
1057 5
1058 23
1059 2
1060 7
1061 5
1062 13
1063 5
1064 3
1065 2
1066 5
1067 2
1068 2
1069 7
1070 2
1071 3
1072 3
1073 3
1074 2
1075 17
1076 17
1077 3
1078 5
1079 2
1080 2
1081 29
1082 13
1083 2
1084 2
1085 5
1086 5
1087 3
1088 2
1089 5
1090 2
1091 2
1092 3
1093 23
1094 11
1095 5
1096 2
1097 5
1098 2
1099 2
1100 7
1101 2
1102 3
1103 3
1104 2
1105 3
1106 2
1107 3
1108 5
1109 2
1110 11
1111 2
1112 23
1113 13
1114 2
1115 3
1116 2
1117 7
1118 7
1119 3
1120 2
1121 5
1122 2
1123 3
1124 3
1125 7
1126 2
1127 3
1128 3
1129 23
1130 17
1131 3
1132 7
1133 3
1134 3
1135 19
1136 3
1137 2
1138 2
1139 3
1140 3
1141 2
1142 3
1143 2
1144 2
1145 19
1146 13
1147 3
1148 5
1149 3
1150 2
1151 2
1152 7
1153 3
1154 2
1155 5
1156 2
1157 5
1158 2
1159 2
1160 3
1161 3
1162 2
1163 3
1164 3
1165 2
1166 2
1167 7
1168 5
1169 2
1170 23
1171 3
1172 3
1173 2
1174 3
1175 7
1176 2
1177 3
1178 3
1179 3
1180 2
1181 2
1182 2
1183 11
1184 2
1185 13
1186 2
1187 2
1188 5
1189 2
1190 3
1191 2
1192 7
1193 2
1194 2
1195 3
1196 3
1197 11
1198 17
1199 7
1200 2
1201 3
1202 5
1203 2
1204 5
1205 13
1206 19
1207 3
1208 11
1209 2
1210 3
1211 5
1212 11
1213 3
1214 7
1215 2
1216 5
1217 2
1218 3
1219 2
1220 5
1221 2
1222 2
1223 2
1224 3
1225 23
1226 2
1227 2
1228 3
1229 11
1230 5
1231 11
1232 2
1233 3
1234 3
1235 2
1236 2
1237 11
1238 2
1239 2
1240 2
1241 5
1242 31
1243 2
1244 2
1245 2
1246 7
1247 3
1248 2
1249 3
1250 7
1251 2
1252 3
1253 11
1254 5
1255 7
1256 5
1257 2
1258 2
1259 2
1260 7
1261 11
1262 3
1263 2
1264 3
1265 3
1266 7
1267 2
1268 5
1269 3
1270 5
1271 2
1272 13
1273 19
1274 7
1275 2
1276 7
1277 3
1278 5
1279 3
1280 2
1281 5
1282 2
1283 5
1284 2
1285 2
1286 7
1287 3
1288 3
1289 23
1290 7
1291 2
1292 5
1293 3
1294 5
1295 2
1296 5
1297 11
1298 13
1299 7
1300 7
1301 3
1302 2
1303 5
1304 2
1305 2
1306 3
1307 2
1308 7
1309 2
1310 7
1311 11
1312 3
1313 17
1314 2
1315 19
1316 7
1317 2
1318 5
1319 2
1320 2
1321 2
1322 2
1323 2
1324 3
1325 2
1326 3
1327 2
1328 3
1329 3
1330 2
1331 5
1332 2
1333 2
1334 2
1335 7
1336 2
1337 2
1338 3
1339 3
1340 11
1341 2
1342 3
1343 2
1344 5
1345 2
1346 13
1347 3
1348 3
1349 2
1350 13
1351 7
1352 7
1353 2
1354 5
1355 3
1356 2
1357 2
1358 3
1359 5
1360 13
1361 17
1362 2
1363 3
1364 7
1365 3
1366 3
1367 3
1368 2
1369 3
1370 7
1371 7
1372 7
1373 3
1374 5
1375 3
1376 11
1377 7
1378 5
1379 2
1380 2
1381 5
1382 5
1383 11
1384 2
1385 3
1386 3
1387 7
1388 3
1389 7
1390 5
1391 2
1392 7
1393 2
1394 2
1395 5
1396 3
1397 13
1398 2
1399 3
1400 3
1401 2
1402 3
1403 7
1404 2
1405 23
1406 2
1407 23
1408 3
1409 3
1410 3
1411 2
1412 5
1413 2
1414 3
1415 5
1416 2
1417 2
1418 2
1419 7
1420 5
1421 3
1422 3
1423 2
1424 3
1425 3
1426 5
1427 2
1428 5
1429 5
1430 2
1431 2
1432 11
1433 5
1434 3
1435 3
1436 79
1437 2
1438 2
1439 13
1440 2
1441 5
1442 3
1443 2
1444 13
1445 11
1446 7
1447 5
1448 3
1449 2
1450 7
1451 3
1452 7
1453 17
1454 2
1455 2
1456 3
1457 5
1458 2
1459 2
1460 2
1461 2
1462 13
1463 7
1464 2
1465 2
1466 5
1467 2
1468 2
1469 3
1470 11
1471 2
1472 2
1473 3
1474 7
1475 2
1476 2
1477 11
1478 2
1479 29
1480 3
1481 7
1482 2
1483 7
1484 13
1485 2
1486 3
1487 19
1488 3
1489 23
1490 3
1491 2
1492 3
1493 5
1494 3
1495 11
1496 5
1497 2
1498 37
1499 2
1500 5
1501 3
1502 13
1503 5
1504 2
1505 11
1506 2
1507 2
1508 2
1509 2
1510 3
1511 5
1512 2
1513 2
1514 29
1515 3
1516 7
1517 3
1518 3
1519 13
1520 2
1521 5
1522 2
1523 2
1524 2
1525 7
1526 13
1527 3
1528 2
1529 3
1530 2
1531 43
1532 5
1533 13
1534 3
1535 2
1536 2
1537 23
1538 2
1539 7
1540 2
1541 2
1542 3
1543 7
1544 3
1545 37
1546 2
1547 5
1548 3
1549 5
1550 5
1551 7
1552 5
1553 2
1554 2
1555 3
1556 5
1557 7
1558 3
1559 5
1560 2
1561 7
1562 5
1563 2
1564 13
1565 3
1566 2
1567 11
1568 5
1569 3
1570 2
1571 3
1572 3
1573 2
1574 3
1575 7
1576 7
1577 3
1578 2
1579 5
1580 29
1581 3
1582 3
1583 2
1584 3
1585 2
1586 5
1587 29
1588 2
1589 3
1590 2
1591 5
1592 13
1593 11
1594 2
1595 3
1596 5
1597 2
1598 2
1599 5
1600 13
1601 5
1602 2
1603 7
1604 3
1605 3
1606 3
1607 3
1608 5
1609 2
1610 2
1611 2
1612 5
1613 3
1614 7
1615 7
1616 23
1617 3
1618 2
1619 19
1620 3
1621 2
1622 11
1623 3
1624 2
1625 23
1626 11
1627 2
1628 7
1629 2
1630 7
1631 7
1632 7
1633 5
1634 2
1635 29
1636 17
1637 2
1638 5
1639 2
1640 13
1641 2
1642 2
1643 3
1644 2
1645 3
1646 7
1647 2
1648 2
1649 3
1650 5
1651 2
1652 3
1653 3
1654 2
1655 13
1656 3
1657 2
1658 3
1659 7
1660 3
1661 3
1662 5
1663 2
1664 3
1665 19
1666 3
1667 13
1668 2
1669 3
1670 11
1671 5
1672 2
1673 2
1674 3
1675 3
1676 19
1677 47
1678 5
1679 3
1680 5
1681 5
1682 2
1683 3
1684 3
1685 2
1686 2
1687 11
1688 19
1689 2
1690 2
1691 5
1692 3
1693 5
1694 5
1695 31
1696 2
1697 3
1698 3
1699 3
1700 13
1701 2
1702 3
1703 5
1704 2
1705 3
1706 2
1707 11
1708 3
1709 11
1710 5
1711 2
1712 2
1713 2
1714 3
1715 11
1716 2
1717 3
1718 2
1719 3
1720 2
1721 5
1722 2
1723 2
1724 37
1725 23
1726 2
1727 2
1728 3
1729 17
1730 3
1731 2
1732 3
1733 5
1734 2
1735 2
1736 2
1737 2
1738 11
1739 2
1740 2
1741 2
1742 2
1743 7
1744 3
1745 2
1746 3
1747 2
1748 7
1749 2
1750 2
1751 19
1752 2
1753 3
1754 3
1755 2
1756 3
1757 3
1758 2
1759 2
1760 5
1761 2
1762 2
1763 2
1764 2
1765 2
1766 11
1767 2
1768 3
1769 2
1770 2
1771 3
1772 2
1773 2
1774 5
1775 7
1776 13
1777 2
1778 3
1779 11
1780 2
1781 5
1782 2
1783 11
1784 7
1785 5
1786 11
1787 2
1788 3
1789 5
1790 3
1791 3
1792 2
1793 2
1794 11
1795 7
1796 2
1797 3
1798 5
1799 17
1800 23
1801 2
1802 2
1803 3
1804 2
1805 3
1806 2
1807 5
1808 3
1809 5
1810 3
1811 3
1812 5
1813 17
1814 7
1815 3
1816 3
1817 2
1818 5
1819 23
1820 3
1821 7
1822 2
1823 3
1824 5
1825 5
1826 11
1827 2
1828 2
1829 13
1830 11
1831 2
1832 3
1833 2
1834 29
1835 3
1836 2
1837 2
1838 3
1839 5
1840 2
1841 2
1842 29
1843 2
1844 2
1845 3
1846 5
1847 3
1848 2
1849 5
1850 3
1851 5
1852 29
1853 11
1854 2
1855 5
1856 7
1857 2
1858 7
1859 11
1860 2
1861 7
1862 23
1863 3
1864 5
1865 5
1866 7
1867 13
1868 5
1869 2
1870 2
1871 3
1872 5
1873 11
1874 3
1875 5
1876 7
1877 5
1878 2
1879 7
1880 3
1881 2
1882 2
1883 5
1884 3
1885 5
1886 2
1887 3
1888 17
1889 2
1890 3
1891 7
1892 2
1893 7
1894 2
1895 2
1896 2
1897 3
1898 2
1899 7
1900 2
1901 3
1902 17
1903 2
1904 2
1905 3
1906 3
1907 7
1908 2
1909 2
1910 7
1911 5
1912 2
1913 3
1914 3
1915 2
1916 3
1917 7
1918 3
1919 2
1920 2
1921 5
1922 2
1923 19
1924 19
1925 3
1926 2
1927 5
1928 11
1929 3
1930 11
1931 2
1932 3
1933 5
1934 13
1935 11
1936 2
1937 3
1938 2
1939 2
1940 7
1941 5
1942 2
1943 11
1944 2
1945 17
1946 3
1947 2
1948 3
1949 2
1950 3
1951 17
1952 7
1953 2
1954 3
1955 5
1956 2
1957 2
1958 2
1959 3
1960 13
1961 2
1962 2
1963 2
1964 17
1965 3
1966 7
1967 3
1968 2
1969 2
1970 2
1971 2
1972 3
1973 3
1974 2
1975 5
1976 7
1977 3
1978 5
1979 2
1980 3
1981 2
1982 5
1983 19
1984 13
1985 19
1986 5
1987 7
1988 7
1989 2
1990 2
1991 3
1992 5
1993 2
1994 19
1995 11
1996 3
1997 7
1998 5
1999 2
2000 2
2001 3
2002 11
2003 3
2004 3
2005 3
2006 2
2007 17
2008 3
2009 11
2010 2
2011 2
2012 3
2013 3
2014 5
2015 2
2016 13
2017 3
2018 3
2019 11
2020 2
2021 2
2022 13
2023 2
2024 19
2025 3
2026 3
2027 2
2028 3
2029 3
2030 2
2031 3
2032 5
2033 3
2034 7
2035 3
2036 7
2037 2
2038 2
2039 19
2040 5
2041 2
2042 3
2043 5
2044 2
2045 2
2046 17
2047 2
2048 37
2049 7
2050 2
2051 5
2052 2
2053 3
2054 3
2055 2
2056 11
2057 2
2058 2
2059 7
2060 3
2061 5
2062 2
2063 5
2064 2
2065 2
2066 3
2067 2
2068 5
2069 13
2070 2
2071 11
2072 2
2073 3
2074 5
2075 17
2076 23
2077 3
2078 7
2079 5
2080 5
2081 2
2082 11
2083 2
2084 29
2085 11
2086 7
2087 7
2088 3
2089 2
2090 3
2091 2
2092 5
2093 5
2094 2
2095 5
2096 13
2097 11
2098 11
2099 13
2100 29
2101 3
2102 3
2103 3
2104 3
2105 11
2106 3
2107 13
2108 3
2109 2
2110 2
2111 5
2112 3
2113 2
2114 3
2115 5
2116 2
2117 13
2118 2
2119 5
2120 13
2121 3
2122 3
2123 23
2124 29
2125 5
2126 3
2127 2
2128 3
2129 3
2130 2
2131 13
2132 7
2133 11
2134 3
2135 2
2136 3
2137 7
2138 2
2139 5
2140 2
2141 2
2142 2
2143 2
2144 5
2145 3
2146 5
2147 7
2148 2
2149 2
2150 2
2151 17
2152 7
2153 2
2154 3
2155 2
2156 13
2157 2
2158 2
2159 3
2160 23
2161 2
2162 11
2163 2
2164 2
2165 2
2166 3
2167 7
2168 17
2169 19
2170 29
2171 2
2172 2
2173 2
2174 2
2175 2
2176 3
2177 5
2178 11
2179 5
2180 2
2181 11
2182 2
2183 7
2184 2
2185 3
2186 5
2187 3
2188 2
2189 7
2190 11
2191 2
2192 2
2193 2
2194 7
2195 2
2196 11
2197 2
2198 5
2199 3
2200 3
2201 2
2202 13
2203 3
2204 13
2205 3
2206 3
2207 5
2208 2
2209 11
2210 11
2211 2
2212 19
2213 2
2214 2
2215 13
2216 2
2217 3
2218 3
2219 13
2220 2
2221 3
2222 5
2223 2
2224 2
2225 13
2226 2
2227 11
2228 5
2229 3
2230 7
2231 2
2232 2
2233 5
2234 2
2235 7
2236 5
2237 3
2238 2
2239 11
2240 3
2241 13
2242 2
2243 3
2244 3
2245 19
2246 2
2247 11
2248 2
2249 3
2250 2
2251 3
2252 7
2253 13
2254 3
2255 2
2256 11
2257 2
2258 2
2259 2
2260 11
2261 29
2262 2
2263 23
2264 3
2265 3
2266 2
2267 3
2268 2
2269 5
2270 3
2271 7
2272 19
2273 2
2274 13
2275 2
2276 2
2277 3
2278 5
2279 7
2280 2
2281 13
2282 2
2283 3
2284 5
2285 7
2286 2
2287 29
2288 5
2289 3
2290 2
2291 2
2292 5
2293 3
2294 2
2295 5
2296 3
2297 2
2298 3
2299 5
2300 2
2301 11
2302 3
2303 11
2304 3
2305 7
2306 5
2307 17
2308 3
2309 3
2310 2
2311 2
2312 3
2313 5
2314 2
2315 2
2316 11
2317 2
2318 5
2319 2
2320 3
2321 3
2322 5
2323 3
2324 2
2325 2
2326 11
2327 7
2328 5
2329 3
2330 2
2331 5
2332 2
2333 3
2334 2
2335 5
2336 5
2337 2
2338 3
2339 7
2340 2
2341 2
2342 2
2343 5
2344 7
2345 3
2346 13
2347 3
2348 11
2349 3
2350 3
2351 2
2352 5
2353 3
2354 7
2355 2
2356 3
2357 7
2358 2
2359 2
2360 3
2361 11
2362 2
2363 2
2364 3
2365 2
2366 5
2367 19
2368 2
2369 7
2370 2
2371 3
2372 2
2373 2
2374 19
2375 2
2376 11
2377 3
2378 2
2379 2
2380 13
2381 2
2382 2
2383 7
2384 11
2385 2
2386 2
2387 2
2388 3
2389 2
2390 37
2391 11
2392 5
2393 2
2394 19
2395 5
2396 2
2397 2
2398 3
2399 2
2400 5
2401 19
2402 2
2403 3
2404 5
2405 2
2406 5
2407 2
2408 13
2409 3
2410 2
2411 2
2412 3
2413 5
2414 5
2415 3
2416 2
2417 11
2418 2
2419 23
2420 2
2421 3
2422 5
2423 2
2424 2
2425 7
2426 7
2427 2
2428 2
2429 3
2430 5
2431 19
2432 2
2433 19
2434 2
2435 2
2436 3
2437 3
2438 31
2439 2
2440 3
2441 5
2442 5
2443 2
2444 23
2445 7
2446 2
2447 7
2448 2
2449 11
2450 11
2451 7
2452 2
2453 5
2454 31
2455 3
2456 2
2457 13
2458 3
2459 7
2460 5
2461 17
2462 3
2463 3
2464 7
2465 2
2466 2
2467 3
2468 7
2469 2
2470 17
2471 3
2472 5
2473 2
2474 3
2475 7
2476 2
2477 17
2478 2
2479 13
2480 2
2481 19
2482 2
2483 5
2484 5
2485 2
2486 11
2487 2
2488 2
2489 3
2490 2
2491 5
2492 2
2493 7
2494 5
2495 2
2496 3
2497 2
2498 3
2499 7
2500 2
2501 5
2502 2
2503 5
2504 11
2505 19
2506 13
2507 2
2508 3
2509 3
2510 47
2511 3
2512 5
2513 2
2514 3
2515 2
2516 2
2517 11
2518 2
2519 3
2520 3
2521 2
2522 3
2523 17
2524 7
2525 2
2526 2
2527 2
2528 2
2529 13
2530 2
2531 3
2532 2
2533 13
2534 2
2535 3
2536 37
2537 2
2538 2
2539 3
2540 5
2541 2
2542 7
2543 29
2544 3
2545 7
2546 3
2547 2
2548 3
2549 19
2550 3
2551 2
2552 2
2553 2
2554 7
2555 2
2556 2
2557 5
2558 7
2559 3
2560 5
2561 23
2562 3
2563 2
2564 5
2565 2
2566 7
2567 5
2568 2
2569 2
2570 2
2571 7
2572 11
2573 2
2574 5
2575 3
2576 5
2577 3
2578 3
2579 5
2580 2
2581 2
2582 3
2583 5
2584 11
2585 3
2586 5
2587 2
2588 2
2589 3
2590 3
2591 31
2592 3
2593 2
2594 53
2595 7
2596 11
2597 5
2598 3
2599 3
2600 3
2601 5
2602 2
2603 2
2604 2
2605 3
2606 2
2607 17
2608 3
2609 3
2610 5
2611 2
2612 5
2613 5
2614 2
2615 2
2616 3
2617 2
2618 2
2619 5
2620 3
2621 2
2622 5
2623 7
2624 5
2625 3
2626 2
2627 7
2628 17
2629 2
2630 2
2631 5
2632 5
2633 2
2634 3
2635 5
2636 5
2637 11
2638 11
2639 2
2640 3
2641 2
2642 3
2643 7
2644 3
2645 5
2646 2
2647 3
2648 2
2649 2
2650 2
2651 11
2652 5
2653 5
2654 2
2655 3
2656 7
2657 3
2658 5
2659 2
2660 2
2661 73
2662 2
2663 7
2664 2
2665 31
2666 5
2667 3
2668 3
2669 43
2670 17
2671 2
2672 5
2673 2
2674 2
2675 19
2676 13
2677 11
2678 2
2679 2
2680 7
2681 5
2682 5
2683 2
2684 2
2685 3
2686 13
2687 11
2688 3
2689 7
2690 11
2691 2
2692 17
2693 2
2694 2
2695 3
2696 2
2697 13
2698 3
2699 13
2700 3
2701 2
2702 3
2703 5
2704 11
2705 2
2706 7
2707 2
2708 3
2709 5
2710 2
2711 2
2712 7
2713 17
2714 2
2715 17
2716 3
2717 11
2718 2
2719 2
2720 5
2721 5
2722 2
2723 2
2724 7
2725 7
2726 3
2727 13
2728 5
2729 3
2730 2
2731 11
2732 2
2733 2
2734 2
2735 5
2736 2
2737 2
2738 2
2739 2
2740 5
2741 2
2742 5
2743 11
2744 13
2745 2
2746 29
2747 3
2748 2
2749 2
2750 5
2751 11
2752 2
2753 2
2754 3
2755 2
2756 5
2757 3
2758 3
2759 2
2760 3
2761 2
2762 2
2763 2
2764 13
2765 5
2766 2
2767 5
2768 3
2769 3
2770 3
2771 3
2772 5
2773 3
2774 5
2775 2
2776 11
2777 2
2778 3
2779 3
2780 5
2781 2
2782 2
2783 2
2784 2
2785 2
2786 5
2787 2
2788 7
2789 3
2790 3
2791 2
2792 13
2793 19
2794 3
2795 5
2796 2
2797 2
2798 5
2799 2
2800 7
2801 3
2802 7
2803 3
2804 7
2805 3
2806 2
2807 3
2808 5
2809 2
2810 31
2811 2
2812 11
2813 2
2814 11
2815 3
2816 2
2817 5
2818 2
2819 3
2820 2
2821 7
2822 11
2823 5
2824 3
2825 2
2826 5
2827 2
2828 3
2829 11
2830 2
2831 5
2832 2
2833 2
2834 19
2835 2
2836 3
2837 5
2838 2
2839 3
2840 7
2841 7
2842 3
2843 3
2844 5
2845 7
2846 2
2847 43
2848 3
2849 5
2850 3
2851 11
2852 2
2853 2
2854 3
2855 5
2856 3
2857 7
2858 11
2859 2
2860 7
2861 2
2862 5
2863 2
2864 19
2865 13
2866 2
2867 7
2868 2
2869 2
2870 7
2871 7
2872 3
2873 2
2874 3
2875 13
2876 2
2877 3
2878 5
2879 2
2880 3
2881 11
2882 3
2883 2
2884 3
2885 2
2886 2
2887 3
2888 2
2889 13
2890 3
2891 2
2892 13
2893 3
2894 2
2895 3
2896 2
2897 3
2898 2
2899 3
2900 7
2901 5
2902 3
2903 5
2904 3
2905 5
2906 7
2907 2
2908 3
2909 3
2910 5
2911 2
2912 3
2913 2
2914 2
2915 3
2916 2
2917 23
2918 2
2919 2
2920 3
2921 7
2922 3
2923 2
2924 13
2925 2
2926 5
2927 2
2928 2
2929 29
2930 11
2931 23
2932 2
2933 2
2934 3
2935 3
2936 23
2937 13
2938 3
2939 5
2940 3
2941 2
2942 2
2943 5
2944 3
2945 3
2946 2
2947 5
2948 13
2949 11
2950 7
2951 5
2952 5
2953 13
2954 5
2955 2
2956 7
2957 7
2958 7
2959 3
2960 2
2961 3
2962 2
2963 5
2964 11
2965 2
2966 2
2967 2
2968 2
2969 5
2970 2
2971 2
2972 3
2973 2
2974 7
2975 3
2976 5
2977 2
2978 29
2979 2
2980 17
2981 7
2982 17
2983 2
2984 2
2985 17
2986 7
2987 29
2988 5
2989 2
2990 3
2991 5
2992 7
2993 3
2994 2
2995 5
2996 13
2997 5
2998 17
2999 2
3000 3
3001 7
3002 7
3003 7
3004 3
3005 2
3006 5
3007 7
3008 2
3009 19
3010 17
3011 2
3012 3
3013 2
3014 3
3015 7
3016 5
3017 2
3018 11
3019 3
3020 3
3021 5
3022 2
3023 2
3024 3
3025 3
3026 5
3027 3
3028 3
3029 3
3030 5
3031 2
3032 2
3033 7
3034 5
3035 7
3036 2
3037 3
3038 5
3039 11
3040 2
3041 31
3042 2
3043 3
3044 2
3045 2
3046 2
3047 3
3048 2
3049 5
3050 2
3051 3
3052 13
3053 3
3054 5
3055 5
3056 3
3057 2
3058 2
3059 19
3060 2
3061 5
3062 7
3063 19
3064 3
3065 3
3066 2
3067 2
3068 3
3069 2
3070 7
3071 2
3072 2
3073 3
3074 11
3075 2
3076 3
3077 2
3078 2
3079 3
3080 2
3081 11
3082 5
3083 2
3084 2
3085 7
3086 2
3087 13
3088 2
3089 23
3090 5
3091 3
3092 2
3093 2
3094 3
3095 11
3096 3
3097 5
3098 2
3099 2
3100 2
3101 5
3102 2
3103 5
3104 2
3105 2
3106 2
3107 11
3108 2
3109 2
3110 2
3111 3
3112 2
3113 2
3114 5
3115 2
3116 13
3117 5
3118 11
3119 2
3120 3
3121 5
3122 2
3123 3
3124 23
3125 19
3126 3
3127 5
3128 3
3129 2
3130 37
3131 23
3132 11
3133 3
3134 2
3135 7
3136 3
3137 11
3138 2
3139 3
3140 2
3141 2
3142 2
3143 3
3144 13
3145 3
3146 3
3147 2
3148 11
3149 3
3150 2
3151 2
3152 3
3153 2
3154 3
3155 5
3156 2
3157 3
3158 2
3159 3
3160 2
3161 11
3162 2
3163 2
3164 2
3165 3
3166 2
3167 5
3168 2
3169 3
3170 3
3171 2
3172 13
3173 7
3174 3
3175 5
3176 7
3177 2
3178 13
3179 2
3180 2
3181 13
3182 5
3183 3
3184 7
3185 3
3186 5
3187 2
3188 2
3189 3
3190 2
3191 19
3192 2
3193 2
3194 13
3195 13
3196 2
3197 5
3198 2
3199 2
3200 2
3201 2
3202 5
3203 2
3204 2
3205 3
3206 2
3207 3
3208 5
3209 17
3210 2
3211 37
3212 2
3213 13
3214 3
3215 7
3216 3
3217 7
3218 5
3219 2
3220 17
3221 11
3222 2
3223 2
3224 2
3225 3
3226 7
3227 17
3228 2
3229 7
3230 11
3231 5
3232 2
3233 2
3234 13
3235 2
3236 3
3237 11
3238 7
3239 2
3240 3
3241 5
3242 3
3243 13
3244 5
3245 2
3246 2
3247 2
3248 2
3249 5
3250 2
3251 13
3252 3
3253 29
3254 31
3255 3
3256 2
3257 3
3258 11
3259 5
3260 3
3261 2
3262 3
3263 7
3264 2
3265 5
3266 2
3267 2
3268 2
3269 3
3270 11
3271 2
3272 3
3273 3
3274 3
3275 2
3276 2
3277 5
3278 3
3279 2
3280 2
3281 2
3282 5
3283 2
3284 3
3285 5
3286 5
3287 11
3288 3
3289 2
3290 2
3291 2
3292 13
3293 3
3294 2
3295 2
3296 13
3297 2
3298 5
3299 2
3300 7
3301 5
3302 3
3303 3
3304 2
3305 2
3306 7
3307 2
3308 11
3309 2
3310 3
3311 11
3312 3
3313 2
3314 3
3315 3
3316 5
3317 2
3318 3
3319 2
3320 2
3321 3
3322 5
3323 2
3324 7
3325 7
3326 2
3327 2
3328 2
3329 2
3330 3
3331 3
3332 2
3333 17
3334 2
3335 17
3336 2
3337 23
3338 2
3339 3
3340 5
3341 2
3342 2
3343 11
3344 7
3345 11
3346 3
3347 2
3348 11
3349 13
3350 2
3351 3
3352 3
3353 2
3354 2
3355 7
3356 19
3357 3
3358 7
3359 2
3360 3
3361 13
3362 5
3363 13
3364 5
3365 7
3366 7
3367 5
3368 23
3369 2
3370 2
3371 2
3372 7
3373 2
3374 2
3375 7
3376 7
3377 7
3378 5
3379 3
3380 2
3381 2
3382 2
3383 31
3384 5
3385 2
3386 2
3387 7
3388 11
3389 7
3390 7
3391 7
3392 2
3393 2
3394 3
3395 3
3396 2
3397 7
3398 5
3399 5
3400 3
3401 5
3402 3
3403 2
3404 3
3405 5
3406 3
3407 2
3408 3
3409 2
3410 11
3411 3
3412 5
3413 7
3414 7
3415 11
3416 7
3417 107
3418 3
3419 11
3420 3
3421 5
3422 37
3423 2
3424 11
3425 2
3426 2
3427 2
3428 2
3429 2
3430 2
3431 23
3432 7
3433 2
3434 3
3435 2
3436 2
3437 13
3438 3
3439 2
3440 5
3441 2
3442 2
3443 2
3444 13
3445 2
3446 2
3447 3
3448 2
3449 11
3450 7
3451 5
3452 5
3453 2
3454 17
3455 2
3456 2
3457 5
3458 2
3459 3
3460 23
3461 2
3462 3
3463 31
3464 5
3465 2
3466 37
3467 2
3468 5
3469 2
3470 23
3471 3
3472 2
3473 11
3474 2
3475 5
3476 2
3477 7
3478 2
3479 5
3480 5
3481 3
3482 3
3483 2
3484 2
3485 13
3486 2
3487 7
3488 3
3489 2
3490 2
3491 2
3492 3
3493 17
3494 2
3495 7
3496 2
3497 7
3498 2
3499 2
3500 3
3501 3
3502 3
3503 3
3504 3
3505 2
3506 5
3507 2
3508 3
3509 5
3510 2
3511 3
3512 2
3513 2
3514 3
3515 7
3516 2
3517 2
3518 3
3519 5
3520 13
3521 5
3522 7
3523 2
3524 19
3525 3
3526 2
3527 3
3528 2
3529 2
3530 2
3531 2
3532 13
3533 3
3534 11
3535 3
3536 2
3537 3
3538 7
3539 5
3540 5
3541 2
3542 2
3543 29
3544 2
3545 11
3546 5
3547 2
3548 3
3549 2
3550 3
3551 7
3552 2
3553 3
3554 3
3555 2
3556 13
3557 7
3558 3
3559 2
3560 2
3561 11
3562 5
3563 5
3564 29
3565 2
3566 11
3567 2
3568 3
3569 3
3570 3
3571 2
3572 2
3573 3
3574 7
3575 5
3576 13
3577 3
3578 7
3579 2
3580 2
3581 23
3582 3
3583 2
3584 17
3585 11
3586 2
3587 5
3588 7
3589 7
3590 2
3591 2
3592 2
3593 3
3594 5
3595 2
3596 7
3597 2
3598 11
3599 29
3600 5
3601 3
3602 2
3603 5
3604 2
3605 2
3606 3
3607 5
3608 3
3609 5
3610 3
3611 11
3612 2
3613 2
3614 19
3615 2
3616 5
3617 11
3618 2
3619 7
3620 3
3621 3
3622 23
3623 2
3624 2
3625 2
3626 3
3627 5
3628 17
3629 13
3630 2
3631 11
3632 2
3633 2
3634 5
3635 2
3636 13
3637 3
3638 2
3639 2
3640 7
3641 7
3642 3
3643 5
3644 2
3645 2
3646 5
3647 11
3648 2
3649 3
3650 2
3651 3
3652 2
3653 3
3654 2
3655 2
3656 3
3657 13
3658 2
3659 2
3660 2
3661 2
3662 5
3663 2
3664 5
3665 3
3666 17
3667 3
3668 19
3669 5
3670 3
3671 3
3672 3
3673 5
3674 7
3675 17
3676 2
3677 2
3678 2
3679 11
3680 3
3681 13
3682 13
3683 2
3684 5
3685 2
3686 7
3687 7
3688 11
3689 3
3690 5
3691 11
3692 2
3693 5
3694 2
3695 3
3696 2
3697 17
3698 2
3699 7
3700 3
3701 2
3702 2
3703 3
3704 7
3705 5
3706 37
3707 5
3708 3
3709 13
3710 19
3711 2
3712 2
3713 7
3714 2
3715 2
3716 3
3717 2
3718 3
3719 2
3720 7
3721 7
3722 7
3723 2
3724 2
3725 5
3726 3
3727 19
3728 2
3729 2
3730 3
3731 2
3732 2
3733 5
3734 2
3735 2
3736 2
3737 13
3738 2
3739 3
3740 2
3741 11
3742 2
3743 2
3744 13
3745 2
3746 3
3747 2
3748 2
3749 3
3750 11
3751 2
3752 3
3753 11
3754 2
3755 3
3756 7
3757 2
3758 29
3759 23
3760 2
3761 11
3762 5
3763 3
3764 5
3765 2
3766 5
3767 2
3768 3
3769 3
3770 13
3771 7
3772 2
3773 5
3774 7
3775 5
3776 13
3777 7
3778 7
3779 2
3780 2
3781 7
3782 3
3783 11
3784 2
3785 3
3786 5
3787 11
3788 2
3789 17
3790 5
3791 2
3792 2
3793 11
3794 3
3795 2
3796 3
3797 2
3798 2
3799 3
3800 11
3801 17
3802 2
3803 3
3804 37
3805 13
3806 11
3807 2
3808 11
3809 2
3810 3
3811 13
3812 7
3813 3
3814 2
3815 61
3816 2
3817 2
3818 11
3819 2
3820 3
3821 17
3822 3
3823 3
3824 13
3825 3
3826 2
3827 2
3828 3
3829 2
3830 2
3831 5
3832 5
3833 2
3834 5
3835 2
3836 2
3837 2
3838 3
3839 3
3840 3
3841 3
3842 7
3843 3
3844 19
3845 2
3846 19
3847 2
3848 5
3849 2
3850 2
3851 2
3852 2
3853 2
3854 5
3855 17
3856 2
3857 13
3858 3
3859 2
3860 5
3861 3
3862 5
3863 7
3864 5
3865 2
3866 2
3867 3
3868 7
3869 2
3870 3
3871 2
3872 5
3873 7
3874 31
3875 7
3876 29
3877 2
3878 2
3879 7
3880 2
3881 19
3882 3
3883 2
3884 5
3885 3
3886 2
3887 13
3888 2
3889 2
3890 2
3891 5
3892 2
3893 3
3894 37
3895 2
3896 2
3897 17
3898 5
3899 2
3900 2
3901 2
3902 17
3903 17
3904 3
3905 2
3906 3
3907 3
3908 3
3909 37
3910 2
3911 5
3912 2
3913 2
3914 5
3915 3
3916 2
3917 3
3918 2
3919 3
3920 2
3921 2
3922 3
3923 2
3924 2
3925 2
3926 2
3927 7
3928 3
3929 7
3930 5
3931 2
3932 3
3933 3
3934 2
3935 3
3936 2
3937 3
3938 3
3939 2
3940 2
3941 7
3942 7
3943 3
3944 5
3945 2
3946 2
3947 5
3948 2
3949 2
3950 7
3951 3
3952 23
3953 3
3954 3
3955 7
3956 3
3957 3
3958 7
3959 2
3960 2
3961 3
3962 11
3963 17
3964 3
3965 5
3966 2
3967 19
3968 2
3969 2
3970 17
3971 11
3972 2
3973 3
3974 13
3975 2
3976 2
3977 11
3978 3
3979 2
3980 5
3981 2
3982 2
3983 7
3984 5
3985 2
3986 5
3987 2
3988 3
3989 5
3990 3
3991 11
3992 2
3993 3
3994 5
3995 3
3996 2
3997 3
3998 11
3999 7
4000 2
4001 3
4002 5
4003 2
4004 2
4005 7
4006 7
4007 3
4008 5
4009 2
4010 3
4011 2
4012 2
4013 5
4014 5
4015 7
4016 13
4017 2
4018 2
4019 7
4020 3
4021 5
4022 2
4023 3
4024 7
4025 3
4026 23
4027 3
4028 3
4029 3
4030 5
4031 2
4032 2
4033 3
4034 2
4035 13
4036 2
4037 13
4038 2
4039 3
4040 31
4041 7
4042 2
4043 5
4044 2
4045 3
4046 5
4047 13
4048 2
4049 11
4050 43
4051 5
4052 3
4053 7
4054 5
4055 13
4056 2
4057 2
4058 13
4059 2
4060 5
4061 2
4062 3
4063 5
4064 19
4065 5
4066 2
4067 3
4068 3
4069 2
4070 29
4071 2
4072 2
4073 2
4074 31
4075 5
4076 2
4077 2
4078 2
4079 7
4080 5
4081 2
4082 3
4083 5
4084 2
4085 2
4086 5
4087 5
4088 11
4089 5
4090 2
4091 5
4092 11
4093 3
4094 23
4095 2
4096 3
4097 2
4098 5
4099 5
4100 23
4101 2
4102 2
4103 5
4104 3
4105 2
4106 5
4107 3
4108 2
4109 5
4110 3
4111 2
4112 5
4113 3
4114 3
4115 5
4116 5
4117 2
4118 3
4119 11
4120 5
4121 7
4122 7
4123 3
4124 2
4125 19
4126 11
4127 17
4128 3
4129 7
4130 2
4131 2
4132 3
4133 7
4134 7
4135 2
4136 2
4137 7
4138 19
4139 2
4140 2
4141 2
4142 3
4143 11
4144 3
4145 2
4146 31
4147 5
4148 2
4149 7
4150 2
4151 3
4152 2
4153 2
4154 2
4155 2
4156 5
4157 3
4158 3
4159 3
4160 2
4161 7
4162 2
4163 3
4164 2
4165 3
4166 2
4167 5
4168 3
4169 2
4170 3
4171 7
4172 19
4173 5
4174 7
4175 7
4176 3
4177 2
4178 2
4179 3
4180 13
4181 2
4182 11
4183 3
4184 2
4185 2
4186 7
4187 7
4188 31
4189 5
4190 3
4191 5
4192 2
4193 2
4194 3
4195 7
4196 2
4197 3
4198 5
4199 3
4200 2
4201 3
4202 5
4203 2
4204 11
4205 2
4206 19
4207 2
4208 19
4209 3
4210 3
4211 2
4212 3
4213 3
4214 2
4215 5
4216 7
4217 11
4218 5
4219 2
4220 3
4221 17
4222 2
4223 3
4224 29
4225 3
4226 23
4227 3
4228 2
4229 2
4230 2
4231 3
4232 5
4233 3
4234 5
4235 3
4236 2
4237 3
4238 2
4239 17
4240 5
4241 2
4242 3
4243 2
4244 5
4245 2
4246 2
4247 2
4248 19
4249 3
4250 2
4251 3
4252 7
4253 3
4254 5
4255 13
4256 2
4257 37
4258 2
4259 2
4260 7
4261 2
4262 3
4263 2
4264 2
4265 2
4266 23
4267 3
4268 2
4269 17
4270 2
4271 13
4272 2
4273 3
4274 5
4275 2
4276 3
4277 5
4278 11
4279 2
4280 2
4281 13
4282 2
4283 5
4284 3
4285 3
4286 2
4287 2
4288 2
4289 3
4290 2
4291 5
4292 2
4293 5
4294 5
4295 11
4296 5
4297 2
4298 3
4299 2
4300 3
4301 5
4302 2
4303 31
4304 2
4305 3
4306 2
4307 31
4308 3
4309 3
4310 5
4311 2
4312 3
4313 3
4314 2
4315 2
4316 2
4317 7
4318 5
4319 2
4320 5
4321 5
4322 2
4323 17
4324 2
4325 2
4326 2
4327 7
4328 2
4329 3
4330 2
4331 11
4332 7
4333 2
4334 13
4335 2
4336 2
4337 19
4338 3
4339 13
4340 2
4341 3
4342 7
4343 31
4344 3
4345 5
4346 3
4347 2
4348 5
4349 2
4350 2
4351 3
4352 2
4353 5
4354 3
4355 2
4356 13
4357 3
4358 2
4359 3
4360 2
4361 3
4362 5
4363 29
4364 3
4365 5
4366 7
4367 19
4368 2
4369 3
4370 3
4371 41
4372 2
4373 2
4374 3
4375 31
4376 3
4377 13
4378 3
4379 2
4380 3
4381 5
4382 3
4383 5
4384 2
4385 5
4386 5
4387 2
4388 7
4389 3
4390 2
4391 17
4392 11
4393 7
4394 3
4395 2
4396 5
4397 5
4398 7
4399 7
4400 5
4401 2
4402 3
4403 2
4404 2
4405 2
4406 2
4407 11
4408 2
4409 11
4410 13
4411 19
4412 2
4413 3
4414 2
4415 5
4416 2
4417 7
4418 3
4419 11
4420 2
4421 2
4422 2
4423 3
4424 2
4425 3
4426 5
4427 2
4428 7
4429 5
4430 2
4431 17
4432 2
4433 2
4434 5
4435 17
4436 11
4437 2
4438 2
4439 3
4440 11
4441 2
4442 3
4443 5
4444 3
4445 5
4446 2
4447 2
4448 2
4449 2
4450 2
4451 3
4452 2
4453 7
4454 2
4455 2
4456 3
4457 2
4458 11
4459 7
4460 2
4461 2
4462 3
4463 5
4464 3
4465 5
4466 11
4467 19
4468 3
4469 3
4470 7
4471 7
4472 5
4473 3
4474 5
4475 5
4476 2
4477 2
4478 2
4479 11
4480 23
4481 2
4482 13
4483 5
4484 2
4485 7
4486 2
4487 3
4488 5
4489 3
4490 3
4491 11
4492 3
4493 3
4494 2
4495 5
4496 2
4497 2
4498 2
4499 3
4500 2
4501 3
4502 2
4503 5
4504 5
4505 2
4506 2
4507 11
4508 3
4509 5
4510 2
4511 23
4512 3
4513 5
4514 2
4515 2
4516 13
4517 2
4518 3
4519 3
4520 11
4521 13
4522 2
4523 17
4524 2
4525 13
4526 2
4527 3
4528 2
4529 11
4530 2
4531 3
4532 17
4533 5
4534 2
4535 2
4536 2
4537 3
4538 2
4539 3
4540 2
4541 11
4542 2
4543 5
4544 31
4545 2
4546 2
4547 5
4548 3
4549 2
4550 2
4551 2
4552 7
4553 13
4554 5
4555 3
4556 7
4557 3
4558 5
4559 2
4560 3
4561 2
4562 13
4563 3
4564 31
4565 2
4566 3
4567 3
4568 3
4569 3
4570 2
4571 5
4572 17
4573 13
4574 19
4575 11
4576 2
4577 2
4578 17
4579 2
4580 11
4581 2
4582 2
4583 7
4584 11
4585 2
4586 2
4587 3
4588 5
4589 13
4590 13
4591 7
4592 11
4593 2
4594 3
4595 2
4596 11
4597 2
4598 2
4599 2
4600 37
4601 5
4602 5
4603 2
4604 3
4605 5
4606 3
4607 2
4608 2
4609 3
4610 7
4611 7
4612 2
4613 19
4614 2
4615 2
4616 2
4617 3
4618 2
4619 3
4620 13
4621 2
4622 2
4623 13
4624 5
4625 2
4626 2
4627 13
4628 2
4629 2
4630 3
4631 5
4632 2
4633 3
4634 2
4635 3
4636 5
4637 2
4638 5
4639 3
4640 19
4641 5
4642 2
4643 3
4644 2
4645 5
4646 2
4647 2
4648 7
4649 3
4650 2
4651 3
4652 11
4653 5
4654 3
4655 2
4656 2
4657 11
4658 2
4659 7
4660 5
4661 17
4662 2
4663 7
4664 5
4665 5
4666 2
4667 5
4668 7
4669 2
4670 5
4671 3
4672 2
4673 3
4674 3
4675 2
4676 3
4677 2
4678 2
4679 2
4680 2
4681 2
4682 7
4683 7
4684 23
4685 2
4686 3
4687 2
4688 3
4689 7
4690 2
4691 11
4692 2
4693 3
4694 5
4695 3
4696 5
4697 3
4698 19
4699 2
4700 2
4701 2
4702 3
4703 3
4704 5
4705 2
4706 7
4707 11
4708 3
4709 2
4710 3
4711 2
4712 3
4713 7
4714 3
4715 13
4716 2
4717 3
4718 5
4719 2
4720 2
4721 13
4722 5
4723 3
4724 3
4725 2
4726 2
4727 7
4728 2
4729 29
4730 11
4731 2
4732 2
4733 5
4734 2
4735 7
4736 19
4737 2
4738 3
4739 3
4740 2
4741 5
4742 5
4743 2
4744 5
4745 2
4746 3
4747 2
4748 5
4749 7
4750 5
4751 11
4752 2
4753 5
4754 2
4755 7
4756 2
4757 3
4758 7
4759 2
4760 2
4761 2
4762 2
4763 2
4764 3
4765 3
4766 2
4767 5
4768 2
4769 2
4770 2
4771 13
4772 2
4773 11
4774 2
4775 5
4776 3
4777 2
4778 3
4779 2
4780 17
4781 3
4782 2
4783 2
4784 2
4785 7
4786 5
4787 3
4788 2
4789 2
4790 2
4791 3
4792 3
4793 2
4794 3
4795 7
4796 3
4797 3
4798 7
4799 7
4800 3
4801 11
4802 3
4803 3
4804 2
4805 29
4806 2
4807 2
4808 11
4809 5
4810 2
4811 7
4812 3
4813 2
4814 2
4815 17
4816 3
4817 11
4818 5
4819 13
4820 2
4821 23
4822 5
4823 17
4824 11
4825 3
4826 2
4827 5
4828 2
4829 5
4830 2
4831 11
4832 2
4833 3
4834 2
4835 3
4836 2
4837 3
4838 2
4839 2
4840 3
4841 2
4842 73
4843 2
4844 2
4845 3
4846 11
4847 11
4848 2
4849 5
4850 5
4851 2
4852 7
4853 29
4854 2
4855 3
4856 2
4857 5
4858 2
4859 7
4860 3
4861 2
4862 3
4863 5
4864 13
4865 2
4866 2
4867 17
4868 2
4869 5
4870 17
4871 2
4872 19
4873 11
4874 7
4875 5
4876 19
4877 3
4878 5
4879 2
4880 11
4881 2
4882 13
4883 5
4884 2
4885 2
4886 2
4887 2
4888 3
4889 3
4890 2
4891 13
4892 3
4893 2
4894 2
4895 5
4896 3
4897 2
4898 3
4899 17
4900 3
4901 2
4902 5
4903 2
4904 17
4905 2
4906 11
4907 3
4908 19
4909 3
4910 11
4911 7
4912 13
4913 3
4914 2
4915 3
4916 2
4917 2
4918 11
4919 11
4920 2
4921 5
4922 3
4923 3
4924 3
4925 3
4926 7
4927 5
4928 5
4929 7
4930 2
4931 2
4932 2
4933 7
4934 2
4935 29
4936 7
4937 3
4938 5
4939 2
4940 2
4941 2
4942 7
4943 2
4944 3
4945 7
4946 2
4947 3
4948 5
4949 2
4950 17
4951 5
4952 11
4953 7
4954 2
4955 7
4956 13
4957 13
4958 5
4959 3
4960 29
4961 2
4962 7
4963 2
4964 2
4965 7
4966 3
4967 2
4968 11
4969 3
4970 2
4971 7
4972 5
4973 17
4974 3
4975 3
4976 2
4977 5
4978 5
4979 5
4980 17
4981 2
4982 2
4983 3
4984 5
4985 3
4986 7
4987 17
4988 5
4989 2
4990 3
4991 3
4992 5
4993 2
4994 2
4995 2
4996 2
4997 2
4998 11
4999 3
5000 2
5001 2
5002 5
5003 5
5004 7
5005 2
5006 19
5007 2
5008 3
5009 7
5010 2
5011 3
5012 2
5013 3
5014 5
5015 2
5016 37
5017 2
5018 3
5019 3
5020 5
5021 2
5022 5
5023 3
5024 3
5025 2
5026 2
5027 3
5028 2
5029 53
5030 2
5031 2
5032 3
5033 5
5034 2
5035 13
5036 13
5037 19
5038 2
5039 13
5040 11
5041 2
5042 2
5043 5
5044 2
5045 11
5046 5
5047 2
5048 2
5049 3
5050 2
5051 2
5052 2
5053 3
5054 2
5055 5
5056 3
5057 13
5058 7
5059 3
5060 2
5061 5
5062 2
5063 2
5064 2
5065 3
5066 5
5067 2
5068 2
5069 2
5070 11
5071 2
5072 5
5073 13
5074 11
5075 5
5076 3
5077 2
5078 5
5079 2
5080 3
5081 23
5082 3
5083 5
5084 11
5085 3
5086 2
5087 2
5088 3
5089 11
5090 13
5091 2
5092 7
5093 11
5094 5
5095 3
5096 2
5097 3
5098 5
5099 3
5100 3
5101 2
5102 2
5103 17
5104 3
5105 7
5106 5
5107 2
5108 2
5109 3
5110 2
5111 3
5112 2
5113 23
5114 13
5115 3
5116 11
5117 5
5118 13
5119 2
5120 2
5121 17
5122 2
5123 2
5124 7
5125 23
5126 3
5127 3
5128 7
5129 5
5130 5
5131 7
5132 5
5133 3
5134 2
5135 3
5136 5
5137 37
5138 2
5139 2
5140 2
5141 2
5142 5
5143 2
5144 2
5145 17
5146 3
5147 2
5148 3
5149 2
5150 2
5151 3
5152 7
5153 3
5154 5
5155 13
5156 2
5157 11
5158 3
5159 3
5160 3
5161 3
5162 2
5163 3
5164 7
5165 7
5166 2
5167 2
5168 3
5169 2
5170 5
5171 3
5172 2
5173 2
5174 3
5175 5
5176 7
5177 2
5178 7
5179 5
5180 5
5181 3
5182 3
5183 2
5184 5
5185 2
5186 3
5187 2
5188 17
5189 7
5190 5
5191 3
5192 2
5193 3
5194 2
5195 11
5196 2
5197 3
5198 2
5199 2
5200 3
5201 5
5202 11
5203 3
5204 2
5205 2
5206 7
5207 3
5208 3
5209 19
5210 2
5211 3
5212 2
5213 2
5214 2
5215 2
5216 11
5217 23
5218 2
5219 3
5220 2
5221 2
5222 3
5223 7
5224 3
5225 2
5226 5
5227 2
5228 2
5229 11
5230 13
5231 11
5232 2
5233 3
5234 3
5235 5
5236 19
5237 5
5238 2
5239 13
5240 2
5241 5
5242 2
5243 23
5244 17
5245 3
5246 5
5247 2
5248 5
5249 5
5250 3
5251 2
5252 5
5253 2
5254 31
5255 37
5256 5
5257 5
5258 2
5259 2
5260 2
5261 2
5262 7
5263 2
5264 3
5265 3
5266 2
5267 3
5268 7
5269 17
5270 3
5271 5
5272 11
5273 13
5274 3
5275 2
5276 11
5277 2
5278 13
5279 2
5280 3
5281 7
5282 3
5283 2
5284 29
5285 5
5286 7
5287 2
5288 7
5289 31
5290 2
5291 17
5292 3
5293 13
5294 7
5295 2
5296 5
5297 19
5298 3
5299 3
5300 2
5301 11
5302 2
5303 2
5304 7
5305 11
5306 3
5307 2
5308 7
5309 2
5310 2
5311 11
5312 43
5313 3
5314 3
5315 2
5316 2
5317 2
5318 3
5319 7
5320 17
5321 2
5322 2
5323 2
5324 7
5325 2
5326 2
5327 17
5328 5
5329 3
5330 5
5331 2
5332 5
5333 2
5334 5
5335 3
5336 3
5337 13
5338 17
5339 5
5340 7
5341 13
5342 2
5343 2
5344 2
5345 3
5346 7
5347 2
5348 3
5349 17
5350 37
5351 5
5352 13
5353 2
5354 2
5355 11
5356 3
5357 2
5358 3
5359 7
5360 17
5361 7
5362 2
5363 3
5364 2
5365 3
5366 3
5367 7
5368 3
5369 2
5370 2
5371 5
5372 11
5373 3
5374 13
5375 3
5376 2
5377 3
5378 2
5379 3
5380 2
5381 23
5382 3
5383 5
5384 2
5385 3
5386 2
5387 3
5388 5
5389 5
5390 2
5391 3
5392 2
5393 7
5394 11
5395 3
5396 2
5397 3
5398 3
5399 3
5400 11
5401 5
5402 3
5403 5
5404 3
5405 5
5406 2
5407 2
5408 3
5409 2
5410 5
5411 3
5412 11
5413 2
5414 2
5415 5
5416 31
5417 2
5418 2
5419 5
5420 2
5421 3
5422 2
5423 13
5424 31
5425 2
5426 23
5427 2
5428 2
5429 3
5430 23
5431 5
5432 3
5433 2
5434 7
5435 7
5436 11
5437 2
5438 2
5439 2
5440 5
5441 7
5442 3
5443 5
5444 2
5445 7
5446 5
5447 2
5448 2
5449 2
5450 3
5451 2
5452 3
5453 3
5454 2
5455 3
5456 2
5457 3
5458 19
5459 13
5460 5
5461 2
5462 3
5463 17
5464 5
5465 3
5466 29
5467 3
5468 11
5469 2
5470 3
5471 3
5472 2
5473 2
5474 2
5475 7
5476 17
5477 17
5478 2
5479 3
5480 5
5481 17
5482 2
5483 2
5484 7
5485 3
5486 5
5487 2
5488 31
5489 3
5490 2
5491 3
5492 2
5493 2
5494 5
5495 5
5496 2
5497 7
5498 3
5499 2
5500 3
5501 11
5502 2
5503 5
5504 2
5505 11
5506 2
5507 2
5508 3
5509 3
5510 13
5511 5
5512 2
5513 11
5514 2
5515 5
5516 2
5517 11
5518 5
5519 2
5520 2
5521 5
5522 5
5523 2
5524 11
5525 3
5526 2
5527 2
5528 2
5529 7
5530 5
5531 7
5532 5
5533 3
5534 2
5535 7
5536 2
5537 2
5538 2
5539 2
5540 2
5541 3
5542 2
5543 2
5544 3
5545 3
5546 7
5547 5
5548 3
5549 2
5550 2
5551 3
5552 3
5553 2
5554 5
5555 13
5556 5
5557 41
5558 3
5559 5
5560 3
5561 11
5562 5
5563 2
5564 5
5565 7
5566 2
5567 5
5568 11
5569 3
5570 31
5571 5
5572 2
5573 2
5574 2
5575 3
5576 2
5577 3
5578 11
5579 2
5580 2
5581 3
5582 2
5583 2
5584 3
5585 2
5586 2
5587 7
5588 17
5589 3
5590 5
5591 3
5592 7
5593 11
5594 13
5595 2
5596 13
5597 2
5598 3
5599 13
5600 5
5601 2
5602 5
5603 5
5604 5
5605 2
5606 17
5607 7
5608 5
5609 2
5610 3
5611 2
5612 2
5613 2
5614 11
5615 7
5616 11
5617 3
5618 2
5619 7
5620 3
5621 2
5622 7
5623 7
5624 2
5625 11
5626 11
5627 2
5628 13
5629 59
5630 3
5631 2
5632 5
5633 7
5634 11
5635 3
5636 2
5637 2
5638 2
5639 2
5640 2
5641 13
5642 2
5643 2
5644 7
5645 5
5646 3
5647 2
5648 3
5649 2
5650 3
5651 11
5652 2
5653 3
5654 3
5655 2
5656 3
5657 2
5658 2
5659 2
5660 3
5661 7
5662 3
5663 2
5664 3
5665 2
5666 5
5667 2
5668 5
5669 2
5670 41
5671 7
5672 3
5673 5
5674 2
5675 11
5676 37
5677 3
5678 13
5679 2
5680 2
5681 5
5682 2
5683 2
5684 2
5685 3
5686 7
5687 7
5688 2
5689 3
5690 5
5691 2
5692 2
5693 7
5694 5
5695 2
5696 2
5697 37
5698 3
5699 2
5700 3
5701 13
5702 5
5703 7
5704 2
5705 3
5706 3
5707 3
5708 2
5709 2
5710 17
5711 13
5712 2
5713 3
5714 3
5715 5
5716 3
5717 3
5718 13
5719 3
5720 3
5721 2
5722 5
5723 2
5724 2
5725 5
5726 2
5727 13
5728 3
5729 3
5730 3
5731 2
5732 13
5733 3
5734 2
5735 5
5736 5
5737 11
5738 19
5739 2
5740 3
5741 29
5742 2
5743 3
5744 2
5745 5
5746 3
5747 3
5748 5
5749 2
5750 7
5751 5
5752 2
5753 11
5754 2
5755 3
5756 2
5757 2
5758 5
5759 5
5760 17
5761 3
5762 13
5763 2
5764 2
5765 7
5766 3
5767 2
5768 2
5769 5
5770 2
5771 3
5772 3
5773 3
5774 29
5775 2
5776 13
5777 2
5778 2
5779 3
5780 31
5781 3
5782 13
5783 5
5784 11
5785 7
5786 2
5787 5
5788 2
5789 3
5790 7
5791 2
5792 19
5793 2
5794 2
5795 5
5796 2
5797 2
5798 2
5799 2
5800 7
5801 5
5802 2
5803 2
5804 3
5805 11
5806 2
5807 2
5808 2
5809 3
5810 2
5811 5
5812 7
5813 3
5814 2
5815 2
5816 2
5817 3
5818 2
5819 5
5820 2
5821 2
5822 2
5823 2
5824 5
5825 2
5826 17
5827 5
5828 5
5829 5
5830 7
5831 2
5832 13
5833 13
5834 2
5835 3
5836 7
5837 2
5838 3
5839 13
5840 2
5841 3
5842 3
5843 3
5844 5
5845 2
5846 3
5847 7
5848 3
5849 2
5850 3
5851 7
5852 3
5853 37
5854 2
5855 31
5856 5
5857 2
5858 3
5859 11
5860 11
5861 3
5862 5
5863 2
5864 3
5865 2
5866 2
5867 2
5868 2
5869 5
5870 5
5871 5
5872 3
5873 67
5874 2
5875 2
5876 7
5877 2
5878 3
5879 7
5880 3
5881 2
5882 5
5883 17
5884 2
5885 17
5886 13
5887 3
5888 7
5889 11
5890 13
5891 2
5892 7
5893 3
5894 7
5895 5
5896 2
5897 3
5898 2
5899 23
5900 17
5901 2
5902 11
5903 7
5904 3
5905 11
5906 3
5907 2
5908 7
5909 7
5910 2
5911 11
5912 5
5913 2
5914 2
5915 5
5916 2
5917 17
5918 13
5919 17
5920 2
5921 5
5922 7
5923 13
5924 7
5925 7
5926 2
5927 11
5928 2
5929 2
5930 3
5931 2
5932 2
5933 19
5934 5
5935 2
5936 11
5937 13
5938 2
5939 2
5940 7
5941 5
5942 2
5943 2
5944 2
5945 2
5946 11
5947 2
5948 2
5949 11
5950 3
5951 5
5952 2
5953 2
5954 2
5955 3
5956 13
5957 3
5958 5
5959 3
5960 5
5961 2
5962 7
5963 3
5964 3
5965 2
5966 2
5967 5
5968 2
5969 11
5970 31
5971 5
5972 2
5973 5
5974 2
5975 3
5976 2
5977 7
5978 3
5979 2
5980 3
5981 2
5982 7
5983 3
5984 5
5985 2
5986 5
5987 11
5988 2
5989 2
5990 5
5991 3
5992 2
5993 3
5994 3
5995 7
5996 2
5997 17
5998 13
5999 2
6000 11
6001 3
6002 5
6003 2
6004 5
6005 7
6006 3
6007 3
6008 2
6009 3
6010 2
6011 5
6012 2
6013 2
6014 11
6015 11
6016 19
6017 11
6018 3
6019 2
6020 2
6021 3
6022 5
6023 31
6024 2
6025 7
6026 3
6027 2
6028 2
6029 2
6030 3
6031 5
6032 2
6033 29
6034 2
6035 2
6036 3
6037 2
6038 3
6039 3
6040 2
6041 5
6042 2
6043 11
6044 3
6045 2
6046 17
6047 5
6048 5
6049 17
6050 3
6051 3
6052 19
6053 11
6054 2
6055 3
6056 2
6057 7
6058 13
6059 3
6060 2
6061 2
6062 3
6063 2
6064 2
6065 3
6066 2
6067 3
6068 5
6069 2
6070 3
6071 23
6072 3
6073 2
6074 3
6075 5
6076 11
6077 3
6078 5
6079 3
6080 7
6081 3
6082 3
6083 3
6084 7
6085 2
6086 2
6087 19
6088 5
6089 3
6090 3
6091 2
6092 5
6093 5
6094 2
6095 3
6096 2
6097 3
6098 13
6099 2
6100 3
6101 2
6102 3
6103 5
6104 2
6105 2
6106 11
6107 3
6108 11
6109 3
6110 5
6111 43
6112 2
6113 5
6114 11
6115 2
6116 2
6117 3
6118 3
6119 3
6120 7
6121 5
6122 2
6123 3
6124 2
6125 11
6126 3
6127 2
6128 2
6129 5
6130 2
6131 2
6132 3
6133 2
6134 7
6135 37
6136 2
6137 2
6138 5
6139 2
6140 3
6141 2
6142 11
6143 5
6144 3
6145 7
6146 3
6147 5
6148 2
6149 23
6150 2
6151 3
6152 5
6153 2
6154 2
6155 3
6156 7
6157 7
6158 31
6159 23
6160 3
6161 2
6162 5
6163 7
6164 2
6165 2
6166 2
6167 3
6168 7
6169 2
6170 2
6171 2
6172 5
6173 11
6174 3
6175 2
6176 7
6177 2
6178 3
6179 5
6180 17
6181 5
6182 2
6183 3
6184 2
6185 5
6186 2
6187 2
6188 7
6189 3
6190 3
6191 2
6192 3
6193 7
6194 7
6195 5
6196 2
6197 13
6198 2
6199 3
6200 11
6201 2
6202 2
6203 2
6204 5
6205 2
6206 5
6207 29
6208 43
6209 5
6210 2
6211 5
6212 7
6213 7
6214 2
6215 2
6216 2
6217 3
6218 11
6219 2
6220 2
6221 19
6222 3
6223 37
6224 3
6225 5
6226 2
6227 3
6228 5
6229 2
6230 7
6231 2
6232 13
6233 2
6234 2
6235 29
6236 17
6237 3
6238 2
6239 3
6240 7
6241 11
6242 2
6243 7
6244 3
6245 2
6246 7
6247 2
6248 3
6249 2
6250 2
6251 3
6252 3
6253 5
6254 2
6255 2
6256 7
6257 3
6258 3
6259 2
6260 5
6261 7
6262 2
6263 5
6264 3
6265 7
6266 5
6267 17
6268 3
6269 5
6270 11
6271 3
6272 5
6273 2
6274 2
6275 29
6276 2
6277 2
6278 2
6279 2
6280 2
6281 3
6282 2
6283 7
6284 2
6285 2
6286 5
6287 2
6288 3
6289 11
6290 2
6291 3
6292 3
6293 5
6294 2
6295 2
6296 11
6297 7
6298 3
6299 7
6300 5
6301 3
6302 3
6303 2
6304 3
6305 2
6306 3
6307 2
6308 3
6309 3
6310 5
6311 19
6312 5
6313 17
6314 2
6315 3
6316 17
6317 2
6318 5
6319 2
6320 2
6321 2
6322 3
6323 2
6324 2
6325 5
6326 3
6327 5
6328 3
6329 3
6330 3
6331 2
6332 2
6333 2
6334 2
6335 3
6336 7
6337 7
6338 5
6339 2
6340 17
6341 2
6342 17
6343 5
6344 2
6345 2
6346 5
6347 2
6348 3
6349 37
6350 3
6351 3
6352 2
6353 3
6354 2
6355 7
6356 2
6357 2
6358 3
6359 2
6360 5
6361 2
6362 3
6363 3
6364 2
6365 3
6366 3
6367 5
6368 3
6369 2
6370 3
6371 5
6372 2
6373 2
6374 7
6375 7
6376 3
6377 2
6378 3
6379 2
6380 5
6381 7
6382 2
6383 2
6384 11
6385 3
6386 47
6387 5
6388 3
6389 11
6390 13
6391 17
6392 3
6393 5
6394 3
6395 2
6396 2
6397 5
6398 7
6399 2
6400 3
6401 3
6402 29
6403 17
6404 2
6405 3
6406 5
6407 7
6408 2
6409 13
6410 3
6411 2
6412 3
6413 2
6414 5
6415 2
6416 2
6417 5
6418 2
6419 3
6420 5
6421 11
6422 2
6423 2
6424 2
6425 17
6426 5
6427 2
6428 7
6429 2
6430 2
6431 3
6432 5
6433 13
6434 2
6435 7
6436 29
6437 2
6438 2
6439 7
6440 13
6441 3
6442 2
6443 2
6444 2
6445 3
6446 5
6447 3
6448 7
6449 2
6450 2
6451 2
6452 7
6453 2
6454 5
6455 3
6456 3
6457 3
6458 2
6459 3
6460 3
6461 41
6462 2
6463 11
6464 5
6465 5
6466 2
6467 7
6468 2
6469 17
6470 2
6471 3
6472 2
6473 5
6474 2
6475 2
6476 5
6477 3
6478 2
6479 3
6480 13
6481 2
6482 7
6483 3
6484 11
6485 23
6486 2
6487 7
6488 7
6489 3
6490 3
6491 3
6492 13
6493 2
6494 5
6495 2
6496 2
6497 2
6498 3
6499 5
6500 5
6501 3
6502 7
6503 2
6504 2
6505 7
6506 3
6507 2
6508 3
6509 2
6510 2
6511 5
6512 2
6513 2
6514 2
6515 5
6516 2
6517 2
6518 3
6519 5
6520 2
6521 2
6522 3
6523 2
6524 2
6525 2
6526 5
6527 5
6528 2
6529 2
6530 3
6531 3
6532 3
6533 5
6534 3
6535 5
6536 13
6537 5
6538 11
6539 7
6540 7
6541 11
6542 17
6543 3
6544 2
6545 5
6546 13
6547 5
6548 3
6549 2
6550 2
6551 2
6552 3
6553 3
6554 13
6555 2
6556 3
6557 3
6558 2
6559 3
6560 2
6561 5
6562 2
6563 19
6564 2
6565 11
6566 2
6567 3
6568 3
6569 37
6570 7
6571 3
6572 2
6573 11
6574 2
6575 31
6576 2
6577 3
6578 2
6579 3
6580 2
6581 11
6582 3
6583 3
6584 5
6585 7
6586 13
6587 2
6588 2
6589 2
6590 3
6591 3
6592 2
6593 2
6594 3
6595 5
6596 3
6597 31
6598 2
6599 3
6600 3
6601 2
6602 2
6603 3
6604 3
6605 23
6606 2
6607 2
6608 11
6609 2
6610 17
6611 3
6612 2
6613 23
6614 5
6615 5
6616 2
6617 13
6618 17
6619 2
6620 3
6621 5
6622 2
6623 2
6624 7
6625 3
6626 5
6627 13
6628 2
6629 2
6630 2
6631 2
6632 2
6633 19
6634 2
6635 7
6636 13
6637 3
6638 7
6639 2
6640 3
6641 7
6642 3
6643 2
6644 2
6645 2
6646 5
6647 5
6648 3
6649 3
6650 13
6651 2
6652 2
6653 3
6654 3
6655 3
6656 7
6657 2
6658 11
6659 2
6660 7
6661 2
6662 2
6663 5
6664 5
6665 2
6666 17
6667 17
6668 2
6669 3
6670 3
6671 2
6672 17
6673 7
6674 2
6675 5
6676 2
6677 7
6678 5
6679 2
6680 3
6681 5
6682 2
6683 3
6684 11
6685 5
6686 11
6687 7
6688 2
6689 2
6690 5
6691 2
6692 3
6693 2
6694 2
6695 13
6696 2
6697 2
6698 3
6699 11
6700 3
6701 5
6702 2
6703 31
6704 7
6705 3
6706 2
6707 3
6708 5
6709 2
6710 19
6711 7
6712 3
6713 3
6714 2
6715 2
6716 2
6717 2
6718 3
6719 3
6720 2
6721 2
6722 3
6723 23
6724 2
6725 2
6726 11
6727 2
6728 43
6729 5
6730 2
6731 7
6732 3
6733 3
6734 7
6735 2
6736 3
6737 5
6738 2
6739 7
6740 11
6741 19
6742 2
6743 2
6744 5
6745 2
6746 13
6747 13
6748 3
6749 19
6750 2
6751 5
6752 3
6753 11
6754 11
6755 3
6756 13
6757 2
6758 23
6759 2
6760 2
6761 2
6762 3
6763 3
6764 3
6765 13
6766 2
6767 3
6768 5
6769 2
6770 3
6771 5
6772 2
6773 2
6774 5
6775 3
6776 23
6777 5
6778 2
6779 11
6780 5
6781 2
6782 7
6783 5
6784 3
6785 2
6786 13
6787 2
6788 5
6789 13
6790 2
6791 2
6792 2
6793 3
6794 2
6795 7
6796 7
6797 23
6798 11
6799 17
6800 7
6801 2
6802 7
6803 2
6804 5
6805 5
6806 7
6807 17
6808 2
6809 2
6810 3
6811 11
6812 3
6813 2
6814 7
6815 7
6816 2
6817 5
6818 5
6819 13
6820 2
6821 2
6822 3
6823 7
6824 2
6825 2
6826 2
6827 5
6828 2
6829 11
6830 5
6831 3
6832 5
6833 3
6834 29
6835 3
6836 17
6837 3
6838 3
6839 2
6840 2
6841 17
6842 3
6843 13
6844 53
6845 2
6846 3
6847 2
6848 5
6849 2
6850 5
6851 5
6852 2
6853 2
6854 3
6855 19
6856 13
6857 2
6858 2
6859 3
6860 2
6861 2
6862 37
6863 2
6864 13
6865 5
6866 5
6867 2
6868 11
6869 2
6870 11
6871 13
6872 2
6873 2
6874 2
6875 3
6876 7
6877 3
6878 3
6879 2
6880 5
6881 11
6882 3
6883 5
6884 3
6885 2
6886 2
6887 5
6888 2
6889 7
6890 23
6891 2
6892 13
6893 3
6894 5
6895 7
6896 2
6897 3
6898 7
6899 2
6900 2
6901 3
6902 3
6903 2
6904 2
6905 3
6906 5
6907 2
6908 13
6909 2
6910 2
6911 5
6912 11
6913 3
6914 2
6915 3
6916 2
6917 5
6918 2
6919 3
6920 7
6921 2
6922 13
6923 5
6924 13
6925 3
6926 11
6927 2
6928 2
6929 7
6930 3
6931 3
6932 2
6933 7
6934 3
6935 2
6936 3
6937 2
6938 19
6939 11
6940 3
6941 7
6942 2
6943 2
6944 7
6945 3
6946 13
6947 2
6948 23
6949 2
6950 2
6951 13
6952 2
6953 2
6954 5
6955 7
6956 3
6957 17
6958 19
6959 5
6960 5
6961 2
6962 2
6963 11
6964 23
6965 11
6966 3
6967 5
6968 13
6969 3
6970 7
6971 11
6972 7
6973 2
6974 7
6975 29
6976 5
6977 5
6978 13
6979 13
6980 17
6981 3
6982 3
6983 3
6984 5
6985 17
6986 2
6987 2
6988 3
6989 5
6990 2
6991 2
6992 2
6993 5
6994 2
6995 5
6996 2
6997 13
6998 7
6999 3
7000 7
7001 3
7002 2
7003 5
7004 2
7005 2
7006 29
7007 5
7008 3
7009 3
7010 3
7011 5
7012 3
7013 2
7014 17
7015 2
7016 3
7017 2
7018 3
7019 3
7020 2
7021 3
7022 7
7023 13
7024 3
7025 2
7026 11
7027 2
7028 11
7029 2
7030 31
7031 7
7032 2
7033 11
7034 29
7035 17
7036 11
7037 7
7038 2
7039 3
7040 11
7041 3
7042 3
7043 7
7044 2
7045 3
7046 11
7047 3
7048 2
7049 3
7050 7
7051 11
7052 2
7053 3
7054 5
7055 3
7056 5
7057 3
7058 5
7059 2
7060 5
7061 7
7062 2
7063 2
7064 11
7065 2
7066 5
7067 13
7068 2
7069 2
7070 11
7071 11
7072 2
7073 2
7074 2
7075 2
7076 2
7077 11
7078 2
7079 7
7080 5
7081 11
7082 2
7083 3
7084 3
7085 3
7086 2
7087 73
7088 2
7089 19
7090 5
7091 2
7092 3
7093 3
7094 5
7095 23
7096 2
7097 2
7098 2
7099 17
7100 5
7101 3
7102 2
7103 97
7104 3
7105 2
7106 5
7107 7
7108 2
7109 2
7110 2
7111 3
7112 7
7113 2
7114 11
7115 7
7116 3
7117 2
7118 2
7119 2
7120 2
7121 2
7122 2
7123 2
7124 2
7125 3
7126 2
7127 3
7128 7
7129 2
7130 3
7131 5
7132 5
7133 2
7134 5
7135 2
7136 3
7137 2
7138 2
7139 11
7140 2
7141 2
7142 7
7143 5
7144 7
7145 2
7146 2
7147 2
7148 3
7149 2
7150 2
7151 7
7152 2
7153 3
7154 3
7155 5
7156 5
7157 3
7158 5
7159 7
7160 2
7161 3
7162 3
7163 2
7164 5
7165 11
7166 13
7167 2
7168 2
7169 13
7170 11
7171 2
7172 5
7173 5
7174 2
7175 2
7176 13
7177 3
7178 5
7179 2
7180 3
7181 5
7182 2
7183 5
7184 7
7185 11
7186 7
7187 5
7188 19
7189 3
7190 2
7191 2
7192 11
7193 7
7194 2
7195 2
7196 2
7197 5
7198 2
7199 5
7200 5
7201 2
7202 2
7203 13
7204 3
7205 7
7206 2
7207 2
7208 2
7209 11
7210 2
7211 47
7212 5
7213 2
7214 3
7215 17
7216 2
7217 3
7218 2
7219 7
7220 2
7221 2
7222 2
7223 3
7224 2
7225 2
7226 3
7227 13
7228 2
7229 3
7230 5
7231 2
7232 7
7233 2
7234 2
7235 7
7236 3
7237 2
7238 3
7239 3
7240 5
7241 2
7242 3
7243 2
7244 3
7245 11
7246 5
7247 11
7248 2
7249 2
7250 13
7251 2
7252 3
7253 2
7254 2
7255 3
7256 7
7257 2
7258 2
7259 2
7260 3
7261 2
7262 3
7263 13
7264 2
7265 5
7266 2
7267 2
7268 5
7269 19
7270 2
7271 2
7272 2
7273 2
7274 3
7275 19
7276 17
7277 2
7278 2
7279 2
7280 13
7281 5
7282 13
7283 2
7284 2
7285 3
7286 3
7287 5
7288 5
7289 7
7290 2
7291 2
7292 2
7293 2
7294 5
7295 2
7296 2
7297 5
7298 3
7299 3
7300 2
7301 31
7302 7
7303 2
7304 2
7305 3
7306 29
7307 19
7308 5
7309 2
7310 2
7311 2
7312 2
7313 5
7314 2
7315 13
7316 7
7317 5
7318 3
7319 2
7320 5
7321 11
7322 2
7323 19
7324 2
7325 11
7326 5
7327 7
7328 3
7329 5
7330 3
7331 31
7332 2
7333 5
7334 5
7335 2
7336 2
7337 5
7338 2
7339 5
7340 2
7341 5
7342 2
7343 3
7344 13
7345 2
7346 11
7347 3
7348 2
7349 2
7350 13
7351 3
7352 2
7353 11
7354 3
7355 5
7356 2
7357 2
7358 2
7359 3
7360 2
7361 3
7362 2
7363 5
7364 2
7365 2
7366 13
7367 2
7368 7
7369 3
7370 2
7371 2
7372 11
7373 19
7374 2
7375 2
7376 5
7377 11
7378 3
7379 7
7380 2
7381 5
7382 2
7383 2
7384 3
7385 3
7386 2
7387 3
7388 5
7389 5
7390 17
7391 2
7392 7
7393 3
7394 17
7395 2
7396 3
7397 2
7398 2
7399 3
7400 3
7401 2
7402 2
7403 2
7404 2
7405 3
7406 5
7407 7
7408 2
7409 7
7410 3
7411 2
7412 5
7413 3
7414 2
7415 13
7416 2
7417 2
7418 2
7419 13
7420 3
7421 2
7422 3
7423 5
7424 2
7425 3
7426 3
7427 3
7428 2
7429 3
7430 3
7431 3
7432 5
7433 19
7434 2
7435 19
7436 5
7437 3
7438 3
7439 5
7440 2
7441 2
7442 2
7443 5
7444 2
7445 2
7446 17
7447 5
7448 2
7449 3
7450 2
7451 2
7452 3
7453 2
7454 2
7455 13
7456 2
7457 3
7458 5
7459 2
7460 2
7461 11
7462 2
7463 5
7464 5
7465 2
7466 11
7467 5
7468 19
7469 2
7470 2
7471 3
7472 5
7473 2
7474 2
7475 5
7476 3
7477 29
7478 2
7479 3
7480 2
7481 5
7482 2
7483 11
7484 2
7485 3
7486 5
7487 7
7488 19
7489 11
7490 7
7491 2
7492 7
7493 5
7494 3
7495 17
7496 2
7497 2
7498 3
7499 2
7500 3
7501 5
7502 11
7503 3
7504 7
7505 2
7506 2
7507 2
7508 2
7509 3
7510 3
7511 5
7512 5
7513 5
7514 11
7515 2
7516 3
7517 2
7518 3
7519 5
7520 11
7521 5
7522 13
7523 3
7524 5
7525 2
7526 2
7527 7
7528 3
7529 5
7530 2
7531 3
7532 17
7533 17
7534 7
7535 2
7536 5
7537 7
7538 7
7539 3
7540 2
7541 3
7542 7
7543 3
7544 2
7545 2
7546 5
7547 2
7548 2
7549 5
7550 2
7551 17
7552 7
7553 2
7554 29
7555 5
7556 5
7557 7
7558 19
7559 2
7560 2
7561 3
7562 13
7563 11
7564 2
7565 3
7566 3
7567 13
7568 2
7569 7
7570 3
7571 2
7572 7
7573 3
7574 2
7575 3
7576 2
7577 7
7578 13
7579 3
7580 3
7581 23
7582 2
7583 11
7584 3
7585 2
7586 2
7587 3
7588 2
7589 3
7590 2
7591 5
7592 2
7593 2
7594 11
7595 2
7596 2
7597 2
7598 2
7599 3
7600 47
7601 3
7602 3
7603 5
7604 3
7605 3
7606 2
7607 3
7608 5
7609 7
7610 2
7611 19
7612 3
7613 3
7614 2
7615 3
7616 7
7617 5
7618 5
7619 2
7620 13
7621 5
7622 2
7623 13
7624 2
7625 2
7626 13
7627 2
7628 17
7629 2
7630 13
7631 3
7632 2
7633 3
7634 5
7635 29
7636 2
7637 19
7638 7
7639 11
7640 2
7641 2
7642 3
7643 2
7644 11
7645 2
7646 5
7647 5
7648 7
7649 2
7650 3
7651 3
7652 5
7653 2
7654 2
7655 17
7656 19
7657 2
7658 11
7659 3
7660 5
7661 3
7662 11
7663 3
7664 3
7665 7
7666 3
7667 7
7668 2
7669 41
7670 2
7671 11
7672 3
7673 3
7674 11
7675 3
7676 5
7677 2
7678 2
7679 11
7680 5
7681 2
7682 2
7683 3
7684 19
7685 2
7686 59
7687 3
7688 13
7689 2
7690 29
7691 2
7692 2
7693 2
7694 5
7695 13
7696 3
7697 2
7698 7
7699 2
7700 7
7701 3
7702 3
7703 3
7704 3
7705 2
7706 2
7707 2
7708 5
7709 3
7710 2
7711 5
7712 3
7713 3
7714 3
7715 5
7716 11
7717 11
7718 3
7719 7
7720 5
7721 2
7722 3
7723 7
7724 3
7725 2
7726 29
7727 2
7728 11
7729 2
7730 2
7731 3
7732 3
7733 13
7734 5
7735 3
7736 2
7737 5
7738 11
7739 2
7740 23
7741 3
7742 3
7743 2
7744 3
7745 3
7746 2
7747 7
7748 7
7749 2
7750 5
7751 3
7752 5
7753 13
7754 2
7755 2
7756 2
7757 13
7758 11
7759 3
7760 2
7761 5
7762 3
7763 13
7764 2
7765 3
7766 3
7767 2
7768 5
7769 3
7770 2
7771 2
7772 2
7773 7
7774 5
7775 3
7776 2
7777 7
7778 5
7779 2
7780 5
7781 2
7782 3
7783 2
7784 3
7785 2
7786 3
7787 11
7788 7
7789 5
7790 2
7791 7
7792 2
7793 7
7794 7
7795 13
7796 2
7797 3
7798 19
7799 2
7800 2
7801 3
7802 13
7803 13
7804 5
7805 17
7806 3
7807 17
7808 5
7809 3
7810 2
7811 2
7812 3
7813 5
7814 23
7815 2
7816 2
7817 3
7818 5
7819 2
7820 3
7821 2
7822 5
7823 2
7824 2
7825 7
7826 3
7827 2
7828 3
7829 2
7830 3
7831 5
7832 5
7833 2
7834 2
7835 2
7836 2
7837 3
7838 2
7839 11
7840 2
7841 3
7842 2
7843 2
7844 11
7845 2
7846 2
7847 17
7848 3
7849 3
7850 13
7851 3
7852 11
7853 5
7854 17
7855 2
7856 7
7857 7
7858 3
7859 2
7860 3
7861 3
7862 11
7863 3
7864 2
7865 2
7866 11
7867 2
7868 2
7869 2
7870 3
7871 2
7872 3
7873 2
7874 5
7875 7
7876 17
7877 5
7878 3
7879 2
7880 3
7881 3
7882 3
7883 2
7884 5
7885 3
7886 2
7887 2
7888 2
7889 2
7890 2
7891 2
7892 3
7893 2
7894 3
7895 2
7896 3
7897 3
7898 5
7899 2
7900 5
7901 7
7902 2
7903 2
7904 11
7905 3
7906 2
7907 5
7908 2
7909 2
7910 19
7911 2
7912 7
7913 5
7914 3
7915 3
7916 3
7917 2
7918 3
7919 13
7920 2
7921 19
7922 2
7923 7
7924 5
7925 2
7926 11
7927 23
7928 3
7929 2
7930 5
7931 11
7932 43
7933 5
7934 5
7935 7
7936 7
7937 2
7938 2
7939 5
7940 2
7941 11
7942 2
7943 7
7944 2
7945 2
7946 23
7947 2
7948 17
7949 2
7950 5
7951 3
7952 7
7953 3
7954 2
7955 2
7956 2
7957 2
7958 17
7959 13
7960 2
7961 3
7962 11
7963 2
7964 2
7965 3
7966 7
7967 11
7968 3
7969 5
7970 5
7971 2
7972 2
7973 5
7974 3
7975 3
7976 7
7977 5
7978 11
7979 2
7980 3
7981 2
7982 3
7983 2
7984 2
7985 5
7986 11
7987 3
7988 7
7989 3
7990 3
7991 2
7992 3
7993 2
7994 3
7995 3
7996 2
7997 23
7998 11
7999 2
8000 3
8001 5
8002 7
8003 3
8004 11
8005 2
8006 3
8007 2
8008 2
8009 3
8010 3
8011 3
8012 5
8013 5
8014 3
8015 5
8016 2
8017 2
8018 2
8019 5
8020 13
8021 11
8022 31
8023 11
8024 2
8025 17
8026 2
8027 2
8028 3
8029 13
8030 7
8031 7
8032 5
8033 2
8034 2
8035 23
8036 11
8037 5
8038 3
8039 3
8040 2
8041 5
8042 7
8043 5
8044 3
8045 29
8046 2
8047 7
8048 2
8049 2
8050 2
8051 3
8052 3
8053 3
8054 2
8055 2
8056 5
8057 2
8058 3
8059 5
8060 2
8061 3
8062 2
8063 5
8064 2
8065 31
8066 2
8067 3
8068 3
8069 2
8070 7
8071 7
8072 3
8073 13
8074 11
8075 3
8076 11
8077 2
8078 2
8079 5
8080 2
8081 31
8082 3
8083 19
8084 2
8085 5
8086 7
8087 2
8088 3
8089 2
8090 2
8091 2
8092 3
8093 13
8094 2
8095 2
8096 2
8097 5
8098 2
8099 3
8100 2
8101 3
8102 3
8103 2
8104 3
8105 2
8106 2
8107 2
8108 3
8109 3
8110 3
8111 2
8112 5
8113 23
8114 53
8115 7
8116 2
8117 2
8118 2
8119 5
8120 3
8121 2
8122 5
8123 2
8124 7
8125 5
8126 7
8127 7
8128 2
8129 5
8130 2
8131 2
8132 3
8133 2
8134 13
8135 2
8136 13
8137 2
8138 3
8139 2
8140 7
8141 7
8142 5
8143 3
8144 5
8145 17
8146 2
8147 2
8148 13
8149 2
8150 11
8151 2
8152 13
8153 3
8154 2
8155 3
8156 2
8157 2
8158 7
8159 2
8160 3
8161 5
8162 2
8163 19
8164 7
8165 5
8166 5
8167 13
8168 11
8169 2
8170 11
8171 5
8172 11
8173 5
8174 3
8175 3
8176 2
8177 5
8178 2
8179 5
8180 13
8181 3
8182 2
8183 5
8184 3
8185 3
8186 2
8187 2
8188 3
8189 5
8190 2
8191 11
8192 3
8193 5
8194 2
8195 2
8196 7
8197 2
8198 3
8199 13
8200 3
8201 2
8202 3
8203 5
8204 2
8205 2
8206 2
8207 7
8208 11
8209 3
8210 2
8211 17
8212 2
8213 11
8214 5
8215 5
8216 2
8217 3
8218 5
8219 2
8220 11
8221 2
8222 2
8223 3
8224 2
8225 3
8226 3
8227 5
8228 2
8229 7
8230 2
8231 2
8232 3
8233 5
8234 5
8235 2
8236 7
8237 2
8238 23
8239 2
8240 3
8241 2
8242 2
8243 19
8244 3
8245 2
8246 2
8247 17
8248 13
8249 2
8250 2
8251 11
8252 2
8253 11
8254 2
8255 3
8256 13
8257 2
8258 3
8259 7
8260 7
8261 2
8262 5
8263 3
8264 3
8265 2
8266 3
8267 2
8268 3
8269 3
8270 5
8271 3
8272 2
8273 11
8274 3
8275 3
8276 2
8277 3
8278 13
8279 7
8280 2
8281 2
8282 3
8283 2
8284 7
8285 3
8286 17
8287 2
8288 5
8289 2
8290 53
8291 2
8292 2
8293 3
8294 3
8295 7
8296 41
8297 11
8298 5
8299 3
8300 2
8301 3
8302 5
8303 2
8304 41
8305 5
8306 3
8307 2
8308 5
8309 3
8310 3
8311 17
8312 11
8313 2
8314 2
8315 23
8316 7
8317 3
8318 2
8319 2
8320 3
8321 5
8322 5
8323 2
8324 2
8325 29
8326 2
8327 2
8328 3
8329 2
8330 3
8331 5
8332 7
8333 11
8334 2
8335 3
8336 2
8337 2
8338 5
8339 2
8340 2
8341 5
8342 61
8343 2
8344 2
8345 31
8346 2
8347 3
8348 3
8349 2
8350 2
8351 3
8352 2
8353 3
8354 5
8355 2
8356 3
8357 3
8358 2
8359 2
8360 5
8361 11
8362 3
8363 7
8364 5
8365 2
8366 2
8367 2
8368 5
8369 2
8370 11
8371 5
8372 2
8373 2
8374 5
8375 3
8376 17
8377 7
8378 2
8379 5
8380 2
8381 3
8382 11
8383 3
8384 2
8385 3
8386 5
8387 3
8388 17
8389 11
8390 2
8391 2
8392 3
8393 3
8394 2
8395 2
8396 13
8397 13
8398 2
8399 3
8400 3
8401 3
8402 2
8403 11
8404 2
8405 5
8406 3
8407 2
8408 2
8409 2
8410 2
8411 2
8412 2
8413 7
8414 2
8415 2
8416 3
8417 3
8418 2
8419 2
8420 3
8421 3
8422 2
8423 2
8424 2
8425 13
8426 2
8427 7
8428 23
8429 3
8430 3
8431 3
8432 3
8433 11
8434 5
8435 2
8436 2
8437 2
8438 2
8439 29
8440 2
8441 2
8442 2
8443 5
8444 47
8445 2
8446 7
8447 3
8448 3
8449 2
8450 3
8451 2
8452 5
8453 2
8454 3
8455 19
8456 17
8457 2
8458 3
8459 2
8460 7
8461 7
8462 11
8463 2
8464 3
8465 2
8466 2
8467 3
8468 13
8469 11
8470 3
8471 2
8472 2
8473 3
8474 5
8475 3
8476 2
8477 2
8478 5
8479 2
8480 2
8481 5
8482 19
8483 5
8484 2
8485 5
8486 17
8487 2
8488 5
8489 2
8490 5
8491 29
8492 2
8493 2
8494 3
8495 2
8496 2
8497 2
8498 19
8499 2
8500 5
8501 3
8502 3
8503 3
8504 2
8505 2
8506 2
8507 5
8508 2
8509 13
8510 3
8511 3
8512 17
8513 11
8514 3
8515 2
8516 7
8517 17
8518 2
8519 7
8520 11
8521 7
8522 5
8523 3
8524 5
8525 5
8526 2
8527 5
8528 2
8529 3
8530 2
8531 2
8532 2
8533 3
8534 5
8535 29
8536 2
8537 41
8538 3
8539 7
8540 19
8541 2
8542 3
8543 47
8544 19
8545 2
8546 5
8547 2
8548 2
8549 2
8550 31
8551 2
8552 5
8553 11
8554 3
8555 5
8556 2
8557 5
8558 2
8559 3
8560 2
8561 2
8562 3
8563 2
8564 43
8565 5
8566 3
8567 3
8568 2
8569 2
8570 2
8571 11
8572 2
8573 5
8574 2
8575 11
8576 2
8577 2
8578 11
8579 2
8580 2
8581 2
8582 23
8583 5
8584 17
8585 2
8586 3
8587 5
8588 2
8589 3
8590 2
8591 7
8592 3
8593 17
8594 2
8595 7
8596 11
8597 2
8598 3
8599 7
8600 7
8601 5
8602 2
8603 5
8604 3
8605 2
8606 2
8607 2
8608 2
8609 2
8610 31
8611 2
8612 11
8613 3
8614 23
8615 3
8616 3
8617 7
8618 5
8619 2
8620 2
8621 3
8622 5
8623 2
8624 29
8625 2
8626 3
8627 2
8628 13
8629 2
8630 5
8631 2
8632 2
8633 7
8634 17
8635 5
8636 5
8637 3
8638 2
8639 2
8640 41
8641 2
8642 3
8643 19
8644 2
8645 2
8646 2
8647 3
8648 5
8649 5
8650 2
8651 13
8652 5
8653 2
8654 2
8655 2
8656 3
8657 7
8658 2
8659 3
8660 11
8661 2
8662 11
8663 2
8664 2
8665 2
8666 2
8667 3
8668 11
8669 29
8670 3
8671 2
8672 3
8673 2
8674 5
8675 13
8676 2
8677 3
8678 2
8679 2
8680 2
8681 3
8682 17
8683 3
8684 31
8685 2
8686 31
8687 3
8688 7
8689 3
8690 13
8691 3
8692 2
8693 5
8694 5
8695 7
8696 2
8697 2
8698 5
8699 7
8700 3
8701 2
8702 7
8703 3
8704 2
8705 2
8706 2
8707 3
8708 2
8709 3
8710 2
8711 5
8712 3
8713 2
8714 13
8715 7
8716 2
8717 3
8718 29
8719 5
8720 3
8721 2
8722 2
8723 2
8724 7
8725 17
8726 3
8727 2
8728 23
8729 3
8730 2
8731 2
8732 2
8733 2
8734 17
8735 2
8736 3
8737 2
8738 29
8739 2
8740 7
8741 5
8742 5
8743 3
8744 3
8745 23
8746 5
8747 3
8748 11
8749 2
8750 5
8751 2
8752 2
8753 7
8754 3
8755 5
8756 2
8757 13
8758 2
8759 3
8760 17
8761 2
8762 3
8763 2
8764 5
8765 7
8766 2
8767 2
8768 5
8769 11
8770 3
8771 3
8772 3
8773 3
8774 5
8775 2
8776 2
8777 3
8778 5
8779 3
8780 17
8781 2
8782 2
8783 3
8784 5
8785 2
8786 3
8787 61
8788 3
8789 17
8790 5
8791 5
8792 5
8793 2
8794 5
8795 7
8796 2
8797 11
8798 2
8799 2
8800 3
8801 2
8802 5
8803 11
8804 2
8805 5
8806 7
8807 17
8808 3
8809 2
8810 11
8811 5
8812 7
8813 2
8814 11
8815 7
8816 7
8817 17
8818 2
8819 3
8820 3
8821 11
8822 2
8823 23
8824 5
8825 17
8826 2
8827 2
8828 2
8829 5
8830 3
8831 29
8832 2
8833 11
8834 7
8835 3
8836 17
8837 2
8838 23
8839 2
8840 2
8841 3
8842 3
8843 7
8844 3
8845 2
8846 5
8847 2
8848 2
8849 13
8850 3
8851 2
8852 2
8853 5
8854 3
8855 5
8856 3
8857 2
8858 7
8859 3
8860 3
8861 2
8862 5
8863 11
8864 2
8865 11
8866 2
8867 2
8868 2
8869 13
8870 3
8871 2
8872 2
8873 5
8874 2
8875 3
8876 2
8877 5
8878 2
8879 13
8880 2
8881 5
8882 3
8883 7
8884 23
8885 5
8886 13
8887 2
8888 2
8889 3
8890 3
8891 7
8892 7
8893 2
8894 2
8895 2
8896 13
8897 3
8898 5
8899 3
8900 2
8901 11
8902 3
8903 2
8904 2
8905 2
8906 7
8907 3
8908 5
8909 2
8910 2
8911 2
8912 13
8913 3
8914 7
8915 17
8916 2
8917 5
8918 5
8919 3
8920 2
8921 3
8922 7
8923 2
8924 3
8925 2
8926 13
8927 41
8928 2
8929 2
8930 41
8931 2
8932 2
8933 2
8934 7
8935 3
8936 5
8937 2
8938 7
8939 2
8940 5
8941 31
8942 7
8943 5
8944 11
8945 2
8946 7
8947 11
8948 3
8949 3
8950 2
8951 3
8952 3
8953 3
8954 2
8955 2
8956 2
8957 2
8958 2
8959 5
8960 3
8961 37
8962 3
8963 2
8964 2
8965 23
8966 3
8967 19
8968 47
8969 7
8970 3
8971 5
8972 2
8973 7
8974 2
8975 5
8976 7
8977 3
8978 5
8979 2
8980 11
8981 2
8982 11
8983 2
8984 3
8985 17
8986 5
8987 2
8988 2
8989 2
8990 2
8991 3
8992 17
8993 5
8994 3
8995 17
8996 7
8997 2
8998 3
8999 11
9000 2
9001 3
9002 7
9003 13
9004 11
9005 13
9006 2
9007 2
9008 3
9009 5
9010 3
9011 2
9012 5
9013 2
9014 3
9015 2
9016 3
9017 5
9018 2
9019 3
9020 5
9021 5
9022 2
9023 2
9024 3
9025 7
9026 107
9027 7
9028 2
9029 2
9030 3
9031 5
9032 2
9033 11
9034 5
9035 2
9036 3
9037 5
9038 3
9039 23
9040 3
9041 2
9042 5
9043 2
9044 2
9045 5
9046 13
9047 3
9048 11
9049 2
9050 7
9051 3
9052 2
9053 2
9054 2
9055 3
9056 5
9057 19
9058 2
9059 2
9060 11
9061 5
9062 2
9063 17
9064 2
9065 2
9066 11
9067 2
9068 3
9069 5
9070 11
9071 5
9072 13
9073 47
9074 3
9075 7
9076 3
9077 13
9078 2
9079 2
9080 3
9081 2
9082 3
9083 7
9084 5
9085 3
9086 11
9087 11
9088 3
9089 2
9090 2
9091 11
9092 5
9093 2
9094 2
9095 7
9096 7
9097 3
9098 2
9099 5
9100 2
9101 3
9102 2
9103 2
9104 3
9105 2
9106 2
9107 5
9108 7
9109 11
9110 5
9111 5
9112 2
9113 2
9114 5
9115 3
9116 13
9117 2
9118 3
9119 2
9120 11
9121 17
9122 2
9123 5
9124 5
9125 5
9126 3
9127 2
9128 3
9129 2
9130 5
9131 5
9132 2
9133 2
9134 5
9135 2
9136 31
9137 13
9138 2
9139 2
9140 3
9141 2
9142 2
9143 5
9144 2
9145 3
9146 5
9147 7
9148 5
9149 3
9150 3
9151 2
9152 2
9153 2
9154 59
9155 3
9156 11
9157 3
9158 2
9159 3
9160 2
9161 2
9162 5
9163 3
9164 2
9165 5
9166 13
9167 2
9168 2
9169 5
9170 11
9171 7
9172 3
9173 3
9174 3
9175 2
9176 13
9177 2
9178 3
9179 2
9180 11
9181 5
9182 7
9183 5
9184 2
9185 2
9186 3
9187 7
9188 3
9189 3
9190 5
9191 5
9192 2
9193 3
9194 3
9195 3
9196 7
9197 2
9198 3
9199 2
9200 3
9201 3
9202 2
9203 5
9204 43
9205 17
9206 2
9207 2
9208 3
9209 2
9210 3
9211 2
9212 3
9213 17
9214 2
9215 2
9216 5
9217 5
9218 3
9219 2
9220 3
9221 2
9222 2
9223 2
9224 5
9225 2
9226 2
9227 2
9228 5
9229 5
9230 7
9231 5
9232 2
9233 3
9234 3
9235 3
9236 2
9237 2
9238 13
9239 17
9240 3
9241 13
9242 2
9243 3
9244 2
9245 3
9246 29
9247 2
9248 2
9249 3
9250 3
9251 2
9252 7
9253 7
9254 2
9255 3
9256 2
9257 2
9258 2
9259 3
9260 5
9261 3
9262 2
9263 5
9264 5
9265 2
9266 11
9267 3
9268 2
9269 2
9270 5
9271 3
9272 2
9273 5
9274 2
9275 3
9276 11
9277 2
9278 2
9279 3
9280 11
9281 5
9282 3
9283 3
9284 3
9285 7
9286 11
9287 2
9288 2
9289 5
9290 2
9291 11
9292 11
9293 3
9294 5
9295 3
9296 2
9297 5
9298 5
9299 2
9300 2
9301 2
9302 7
9303 11
9304 2
9305 7
9306 2
9307 7
9308 7
9309 3
9310 2
9311 3
9312 2
9313 2
9314 5
9315 5
9316 37
9317 2
9318 2
9319 2
9320 29
9321 2
9322 5
9323 2
9324 3
9325 2
9326 3
9327 2
9328 2
9329 11
9330 2
9331 3
9332 7
9333 2
9334 3
9335 2
9336 2
9337 3
9338 7
9339 5
9340 2
9341 3
9342 3
9343 7
9344 5
9345 2
9346 5
9347 13
9348 2
9349 3
9350 3
9351 19
9352 5
9353 2
9354 5
9355 7
9356 3
9357 7
9358 2
9359 2
9360 3
9361 5
9362 5
9363 7
9364 2
9365 2
9366 2
9367 2
9368 2
9369 3
9370 7
9371 37
9372 2
9373 2
9374 5
9375 2
9376 7
9377 7
9378 2
9379 2
9380 2
9381 3
9382 11
9383 2
9384 3
9385 2
9386 5
9387 5
9388 17
9389 2
9390 3
9391 2
9392 3
9393 5
9394 11
9395 13
9396 3
9397 17
9398 2
9399 2
9400 2
9401 2
9402 11
9403 2
9404 5
9405 13
9406 2
9407 2
9408 7
9409 11
9410 2
9411 23
9412 3
9413 2
9414 5
9415 3
9416 5
9417 2
9418 2
9419 3
9420 43
9421 7
9422 13
9423 5
9424 3
9425 19
9426 2
9427 2
9428 3
9429 5
9430 2
9431 5
9432 2
9433 2
9434 3
9435 2
9436 17
9437 2
9438 3
9439 2
9440 11
9441 3
9442 3
9443 5
9444 2
9445 3
9446 5
9447 2
9448 2
9449 7
9450 2
9451 2
9452 2
9453 2
9454 2
9455 2
9456 3
9457 19
9458 3
9459 7
9460 2
9461 7
9462 2
9463 5
9464 3
9465 2
9466 2
9467 2
9468 7
9469 2
9470 7
9471 17
9472 5
9473 2
9474 7
9475 13
9476 5
9477 2
9478 3
9479 2
9480 5
9481 2
9482 2
9483 3
9484 5
9485 17
9486 2
9487 3
9488 2
9489 2
9490 3
9491 3
9492 2
9493 3
9494 2
9495 2
9496 19
9497 5
9498 11
9499 2
9500 3
9501 11
9502 2
9503 3
9504 3
9505 19
9506 11
9507 3
9508 5
9509 11
9510 2
9511 3
9512 2
9513 3
9514 3
9515 11
9516 11
9517 13
9518 2
9519 3
9520 2
9521 2
9522 2
9523 7
9524 11
9525 3
9526 3
9527 11
9528 11
9529 3
9530 2
9531 2
9532 31
9533 2
9534 2
9535 11
9536 3
9537 2
9538 3
9539 13
9540 2
9541 3
9542 11
9543 13
9544 3
9545 2
9546 3
9547 3
9548 5
9549 5
9550 7
9551 7
9552 3
9553 2
9554 2
9555 5
9556 2
9557 3
9558 2
9559 5
9560 3
9561 2
9562 2
9563 13
9564 3
9565 2
9566 31
9567 3
9568 7
9569 11
9570 2
9571 3
9572 5
9573 2
9574 5
9575 3
9576 5
9577 23
9578 2
9579 3
9580 11
9581 2
9582 3
9583 2
9584 13
9585 2
9586 2
9587 2
9588 3
9589 31
9590 2
9591 2
9592 11
9593 2
9594 2
9595 2
9596 7
9597 17
9598 11
9599 5
9600 2
9601 11
9602 7
9603 5
9604 3
9605 3
9606 2
9607 3
9608 3
9609 2
9610 5
9611 5
9612 13
9613 3
9614 3
9615 13
9616 3
9617 2
9618 5
9619 2
9620 3
9621 2
9622 2
9623 7
9624 5
9625 2
9626 2
9627 5
9628 3
9629 2
9630 2
9631 3
9632 2
9633 2
9634 11
9635 2
9636 11
9637 2
9638 7
9639 2
9640 2
9641 7
9642 23
9643 7
9644 2
9645 23
9646 3
9647 11
9648 3
9649 2
9650 2
9651 5
9652 2
9653 31
9654 2
9655 3
9656 2
9657 17
9658 11
9659 2
9660 5
9661 2
9662 5
9663 3
9664 2
9665 3
9666 3
9667 2
9668 3
9669 5
9670 2
9671 7
9672 2
9673 3
9674 3
9675 2
9676 2
9677 2
9678 7
9679 59
9680 31
9681 3
9682 17
9683 5
9684 2
9685 3
9686 3
9687 2
9688 7
9689 13
9690 2
9691 5
9692 2
9693 7
9694 5
9695 7
9696 17
9697 2
9698 3
9699 17
9700 41
9701 3
9702 2
9703 2
9704 2
9705 2
9706 2
9707 3
9708 2
9709 5
9710 3
9711 7
9712 2
9713 2
9714 2
9715 11
9716 2
9717 2
9718 2
9719 3
9720 2
9721 5
9722 3
9723 5
9724 2
9725 5
9726 3
9727 3
9728 2
9729 2
9730 11
9731 2
9732 2
9733 2
9734 13
9735 5
9736 5
9737 7
9738 2
9739 2
9740 3
9741 2
9742 7
9743 2
9744 2
9745 2
9746 2
9747 2
9748 2
9749 5
9750 5
9751 5
9752 23
9753 3
9754 7
9755 3
9756 7
9757 2
9758 5
9759 11
9760 17
9761 2
9762 2
9763 2
9764 5
9765 2
9766 7
9767 31
9768 5
9769 2
9770 5
9771 3
9772 5
9773 2
9774 2
9775 7
9776 2
9777 3
9778 2
9779 5
9780 2
9781 7
9782 3
9783 2
9784 7
9785 11
9786 11
9787 2
9788 11
9789 2
9790 5
9791 2
9792 3
9793 11
9794 2
9795 2
9796 3
9797 2
9798 2
9799 7
9800 2
9801 3
9802 5
9803 11
9804 3
9805 5
9806 5
9807 7
9808 5
9809 2
9810 3
9811 2
9812 13
9813 3
9814 3
9815 5
9816 2
9817 2
9818 2
9819 2
9820 13
9821 3
9822 2
9823 2
9824 3
9825 5
9826 2
9827 7
9828 5
9829 2
9830 3
9831 5
9832 3
9833 3
9834 2
9835 11
9836 2
9837 11
9838 5
9839 2
9840 2
9841 2
9842 13
9843 3
9844 13
9845 2
9846 3
9847 7
9848 5
9849 11
9850 3
9851 3
9852 3
9853 5
9854 7
9855 5
9856 2
9857 3
9858 2
9859 2
9860 7
9861 3
9862 89
9863 2
9864 17
9865 3
9866 29
9867 19
9868 11
9869 3
9870 3
9871 3
9872 5
9873 3
9874 2
9875 2
9876 13
9877 2
9878 3
9879 31
9880 5
9881 7
9882 5
9883 3
9884 3
9885 11
9886 5
9887 2
9888 3
9889 3
9890 2
9891 7
9892 3
9893 2
9894 3
9895 29
9896 7
9897 5
9898 3
9899 5
9900 3
9901 2
9902 2
9903 2
9904 2
9905 5
9906 13
9907 11
9908 3
9909 2
9910 5
9911 3
9912 3
9913 2
9914 29
9915 2
9916 7
9917 5
9918 3
9919 2
9920 2
9921 3
9922 3
9923 3
9924 7
9925 29
9926 2
9927 5
9928 7
9929 2
9930 7
9931 19
9932 5
9933 2
9934 2
9935 3
9936 2
9937 3
9938 5
9939 7
9940 2
9941 5
9942 7
9943 5
9944 5
9945 13
9946 2
9947 2
9948 7
9949 19
9950 2
9951 2
9952 5
9953 5
9954 7
9955 7
9956 7
9957 2
9958 29
9959 5
9960 3
9961 2
9962 7
9963 5
9964 5
9965 11
9966 3
9967 2
9968 5
9969 3
9970 7
9971 19
9972 2
9973 11
9974 5
9975 7
9976 3
9977 3
9978 3
9979 3
9980 5
9981 2
9982 3
9983 13
9984 2
9985 5
9986 2
9987 7
9988 13
9989 7
9990 2
9991 2
9992 7
9993 2
9994 3
9995 2
9996 2
9997 43
9998 2
9999 2
10000 23







