1
3
1
5
1
1
4
1
1
8
1
14
1
10
2
1
4
12
2
3
2
1
3
4
1
1
2
14
3
12
1
15
3
1
4
534
1
1
5
1
1
121
1
2
2
4
10
3
2
2
41
1
1
1
3
7
2
2
9
4
1
3
7
6
1
1
2
2
9
3
1
1
69
4
4
5
12
1
1
5
15
1
4
1
1
1
1
1
89
1
22
186
6
2
3
1
3
2
1
1
5
1
3
1
8
9
1
26
1
7
1
18
6
1
372
3
13
1
1
14
2
2
2
1
1
4
3
2
2
1
1
9
1
6
1
38
1
2
25
1
4
2
44
1
22
2
12
11
1
1
49
2
6
8
2
3
2
1
3
5
1
1
1
3
1
2
1
2
4
1
1
3
2
1
9
4
1
4
1
2
1
27
1
1
5
5
1
3
2
1
2
2
3
1
4
2
2
8
4
1
6
1
1
1
36
9
13
9
3
6
2
5
1
1
1
2
10
21
1
1
1
2
1
2
6
2
1
6
19
1
1
18
1
2
1
1
1
27
1
1
10
3
11
38
7
1
1
1
3
1
8
1
5
1
5
4
4
4
7
2
1
21
1
1
5
10
3
1
72
6
9
1
3
3
2
1
4
2
1
1
1
1
2
1
7
8
1
2
1
8
1
8
3
1
1
3
2
1
8
1
1
1
1
1
6
1
4
3
4
1
1
1
4
30
39
2
1
3
8
1
1
2
1
3
1
9
1
4
1
2
2
1
6
2
1
1
3
1
4
1
2
1
1
5
1
2
10
1
5
4
1
1
4
1
2
1
1
2
12
2
1
8
3
2
6
1
3
10
1
2
20
1
6
1
2
186
2
2
1
2
47
1
19
2
2
1
1
1
2
1
1
3
2
8
1
18
3
5
39
1
2
1
1
1
1
4
1
5
2
6
3
1
1
1
4
2
1
6
1
1
220
1
3
1
3
1
4
5
1
2
1
13
2
2
2
1
1
1
1
7
2
1
7
1
3
1
1
11
1
2
2
4
2
33
3
1
1
2
6
3
1
1
3
6
8
3
4
84
1
1
2
1
10
2
2
20
1
3
1
7
13
14
1
29
1
1
5
1
7
1
1
2
1
56
1
3
2
1
13
2
1
2
2
2
1
1
1
1
1
1
255
2
4
5
1
1
1
3
1
3
3
1
6
1
1
6
1
71
1
9
1
2
1
11
5
1
25
1
6
67
2
9
6
1
5
2
15
1
2
48
2
7
1
3
1
4
21
1
1
2
1
27
3
26
2
1
1
2
5
7
3
7451
2
29
4
3
8
17
3
8
2
3
1
1
1
5
113
1
3
4
1
4
1
1
13
1
34
1
2
7
1
3
3
7
1
3
1
1
4
2
69
1
3
12
34
1
2
151
1
4941
4
1
1
12
3
4
2
3
1
1
1
1
1
2
1
1
6
16
1
2
27
2
13
4
1
1
1
3
11
1
1
3
1
53
2
15
1
1
1
1
1
1
2
2
1
1
3
3
1
9
1
1
10
3
1
1
2
1
2
2
1
10
9
1
2
5
1
2
2
1
1
2
4
7
1
5
1
1
1
1
4
2
25
16
5
4
1
3
2
3
13
1
49
6
2
5
1
1
2
7
3
2
1
1
1
4
1
1
1
5
1
2
1
2
1
1
1
1
2
2
4
1
2
1
10
5
4
8
10
2
4
1
1
1
4
1
41
1
3
1
56
3
1
1
3
1
3
1
5
6
6
3
1
2
1
1
1
12
1
10
2
1
1
1
1
50
5
1
2
6
5
1
2
5
6
5
2
77
1
4
2
1
1
1
1
1
4
2
1
2
1
1
1
1
1
6
2
1
1
7
1
5
1
1
1
1
2
2
1
1
5
2
1
5
1
1
1
4
1
2
17
1
20
7
4
2
1
1
1
2
1
4
7
3
4
3
3
5
31
1
1
2
2
6
1
1
1
1
1
1
1
1
6
1
6
1
1
23
20
1
22
16
4
2
1
3
2
1
1
2
5
5
1
1
15
3
1
1
2
1
1
1
4
2
1
2
23
6
10
3
2
3
6
2
1
1
1
1
1
1
4
3
2
1
2
1
4
10
7
1
1
1
1
3
3
2
108
1
1
11
2
6
1
4
1
2
2
9
3
1
1
3
22
4
1
93
1
3
1
4
2
1
2
3
2
1
2
11
1
1
3
1
2
1
28
23
4
11
1
9
1
4
3
1
6
1
2
1
12
2
6
19
1
4
4
2
1
1
1
1
1
10
3
4
5
4
4
1
43
1
1
5
1
73
6
35
5
4
1
13
2
1
6
1
4
2
1
1
1
27
1
1
4
1
1
7
1
1
14
9
14
1
1
1
1
10
3
3
1
2
5
7
4
2
6
4
2
4
20
1
5
2
1
1
3
1
1
2
1
2
2
11
1
1
14
1
1
14
1
9
1
1
1
33
2
1
3
7
2
3
1
2
1
27
1
1
2
34
2
1
8
6
4
1
1
7
1
5
3
1
354
3
2
1
1
2
6
1
1
3
17
1
3
1
195
1
6
1
1
1
25
1
3
1
2
304
5
1
1
5
1
2
9
4
1
1
4
2
1
44
1
1
1
2
8
16
1
204
1
1
1
2
1
2
3
3
1
1
20
1
11
1
8
1
2
16
1
1
1
10
5
1
10
6
1
5
2
1
33
6
6
1
3
1
1
28
1
10
3
1
1
23
2
2
1
7
4
1
4
1
7
1
2
1
1
1
2
2
2
7
1
5
201
6
1
10
8
9
1
3
3
8
5
1
136
1
2
6
2
1
2
2
9
1
4
2
2
5
1
29
1
1
4
12
1
6
4
1
13
1
2
1
2
6
127
2
2
1
1
119
1
124
1
1
3
2
1
1
1
1
2
1
10
1
9
3
2
3
2
4
1
8
1
2
2
2
3
1
8
1
4
3
2
8
3
1
3
1
6
3
2
4
1
3
4
1
1
5
1
4
4
9
2
3
16
1
1
2
1
3
16
1
4
2
1
10
1
4
1
2
6
4
1
5
6
2
1
1
1
6
1
1
11
1
2
23
1
7
11
2
2
1
4
1
2
1
2
49
8
1
3
3
1
1
3
2
2
2
1
1
1
1
4
2
1
4
1
2
8
1
9
3
9
1
1
5
23
5
11
1
1
1
1
1
90
2
1
5
56
1
2
3
1
8
85
1
1
131
2
1
4
2
1
1
37
1
14
1
5
2
4
1
1
1
11
1
1
1
2
2
1
1
1
52
18
4
7
2
101
2
1
119
1
1
1
3
1
13
3
1
1
6
1
1
27
2
1
2
3
3
4
3
11
1
5
3
1
9
1
1
15
1
1
2
1
2
4
15
2
1
2
7
1
5
1
6
1
1
1
3
1
1
2
1
1
2
1
2
23
1
1
19
1
5
12
3
5
1
1
10
2
1
3
1
2
3
3
1
22
1
2
1
1
1
1
1
5
1
2
36
2
1
1
1
4
3
10
1
14
6
1
5
2
1
328
1
1
2
1
1
2
11
1
2
1
1
1
7
1
2
16
2
3
6
7
4
1
8
7
1
4
1
190
1
1
1
1
5
101
1
3
1
3
4
1
2
2
7
5
1
25
1
18
1
1
1
1
2
5
5
1
34
1
1
3
1
1
2
2
1
5
1
1
15
2
4
1
1
1
9
1
23
1
2
8
1
2
1
10
4
3
1
4
1
1
3
14
5
11
82
6
3
1
1
4
1
1
6
2
2
1
1
2
9
1
1
1
3
1
7
1
1
7
1
78
2
2
3
1
6
3
2
5
13
1
1
2
5
1
1
8
7
1
1
1
2
7
8
2
8
5
2
3
1
2
1
1
1
5
1
2
1
5
2
1
1
5
1
3
8
1
1
2
19
1
14
1
1
5
1
6
3
1
2
2
1
1
1
1
3
5
2
1
1
2
1
1
2
1
6
2
1
2
10
1
2
2
1
2
2
1
3
1
1
12
7
1
9
1
4
1
260
1
1
1
1
3
2
1
1
1
3
1
14
1
23
1
2
35
26
2
1
25
2
1
1
1
1
1
4
10
1
2
1
47
1
13
1
15
157
1
1
1
2
1
3
1
1
3
2
22
1
4
1
2
1
1
7
2
5
1
1
5
1
1
33
1
3
1
14
1
5
1
1
2
1
2
1
3
3
1
1
1
1
1
1
3
2
5
1
1
3
1
4
3
1
3
1
14
1
2
1
4
2
3
3
12
2
1
1
2
14
3
73
1
1
13
2
1
11
1
4
1
10
1
4
1
4
2
1
3
1
11
18
1
2
1
68
1
2
8
3
1
2
1
1
2
7
2
1
1
1
620
3
1
1
1
2
18
2
29
1
5
2
1
1
4
1
1
5
1
1
3
4
4
6
2
3
1
15
3
2
1
19
1
55
2
4
1
3
2
1
7
1
2
1
5
2
101
2
5
138
1
4
3
2
32
4
1
3
1
1
2
6
66
1
4
1
1
15
12737
3
2
1
2
1
2
2
2
1
7
1
3
3
4
1
1
1
1
1
2
1
2
2
1
2
1
18
2
2
2
2
2
5
1
5
2
7
1
5
1
117
2
5
4
4
5
3
1
6
2
3
22
8
2
1
2
13
5
2
37
2
1
9
1
1
14
1
2
3
2
3
1
1
4
1
27
1
5
6
3
4
3
1
6
1
33
2
4
1
3
1
4
2
3
8
2
1
1
1
1
1
1
6
3
3
1
6
10
1
14
3
1
1
2
28
2
1
1
1
2
1
1
2
2
49
1
3
2
2
1
1
1
1
1
5
3
2
2
3
5
1
2
1
1
1
9
6
1
1
12
1
1
1
1
6
2
1
1
39
1
2
1
1
4
1
2
1
4
41
1
1
3
1
1
2
1
6
3
2
11
1
1
1
5
1
1
7
1
2
1
8
5
14
2
4
1
45
1
1
4
1
3
1
3
1
2
1
5
1
10
5
1
1
4
1
1
1
24
22
1
1
17
2
1
2
2
1
1
1
4
7
62
4
7
1
4
4
2
2
7
7
8
1
1
16
8
7
1
13
3
3
1
3
1
4
2
2897
3
1
16
1
2
1
1
1
4
1
12
1
3
1
1
2
1
4
2078
1
1
56
1
3
1
1
5
1
103
1
20
5
1
1
28
1
7
1
4
5
1
3
3
3
4
15
1
3
2
9
34
1
1
1
3
2
1
1
4
1
2
2
3
3
4
4
1
2
1
1
1
1
1
6
1
3
7
6
1
1
1
13
4
1
2
1
6
1
1
2
1
1
2
3
9
1
1
1
2
34
5
3
15
1
1
3
1
30
36
9
2
1
3
1
3
1
1
1
3
1
1
33
2
3
2
24
3
8
1
1
2
1
7
4
3
1
3
1
3
1
7
2
9
1
23
2
2
105
1
2
1
59
1
6
4
1
2
3
12
3
1
1
2
1
9
1
31
1
2
13
1
223
2
72
1
2
1
3
3
1
1
5
1
1
7
1
1
3
4
1
1
3
7
3
2
10
1
4
2
1
1
4
62
1
1
41
1
2
1
2
1
1
2
662
15
4
3
1
1
12
1
1
1
4
9
2
1
1
44
1
4
3
2
1
4
25
4
4
1
6
1
1
2
1
1
1
103
1
15
1
4
72
3
1
2
1
2
1
11
3
1
1
1
2
1
2
7
18
1
1
1
2
5
4
55
3
1
3
495
1
5
5
1
1
4
2
1
1
2
1
2
1
2
4
2
3
1
1
1
4
1
2
1
2
19
1
2
2
2
4
5
215
3
1
9
5
3
1
1
5
1
6
12
4
16
1
16
1
1
2
2
3
24
2
1
135
2
4
2
1
1
3
2
4
8
1
7
1
9
1
1
10
8
3
11
2
1
2
3
1
6
1
1
5
3
6
1
1
12
4
1
1
3
2
1
2
3
1
1
1
1
15
9
1
1
1
1
1
1
8
2
4
79
12
3
1
4
1
3
24
3
1
17
1
1
24
1
3
3
28
7
1
9
1
1
6
5
2
1
3
1
1
1
1
53
3
3
7
2
3
7
421
1
25
5
2
5
1
1269
4
2
3
3
1
6
1
1
3
1
5
1
7
2
2
4
8
5
6
1
32
1
5
13
8
14
2
1
8
5
1
32
1
28
1
2
14
3
2
4
9
1
1
1
1
2
1
2
3
1
9
1
6
2
2
4
32
1
1
1
1
1
1
2
2
18
1
1
1
5
3
14
1
4
1
2
1
1
1
5
1
4
1
3
1
1
1
34
4
1
2
1
1
1
3
2
2
1
2
5
29
118
1
1
1
1
2
1
150
1
2
1
1
2
1
26
1
2
5
4
4
1
1
1
14
22
1
51
14
1
4
2
1
22
2
6
2
4
6
1
7
4
1
3
1
1
2
1
1
1
1
3
7
1
4
1
1
1
2
2
1
2
28
3
22
2
1
1
37
5
2
5
1
1
1
1
1
7
2
2
2
3
1
2
3
3
3
1
1
27
3
2
10
35
2
1
31
2
1
1
13
1
4
1
11
1
1
3
2
2
4
5
1
2
7
2
11
3
2
4
1
2
8
1
1
8
1
2
2
1
3
1
1
1
4
1
8
10
3
4
3
1
5
1
1
1
6
1
4
2
1
3
38
1
12
1
1
2
2
2
1
2
1
4
12
9
1
1
1
3
5
1
12
5
1
4
3
1
1
1
2
2
11
2
1
2
1
3
1
33
4
1
1
10
1
1
5
1
7
8
1
1
2
2
20
2
2
3
1
3
2
13
1
3
227
4
4
1
2
1
3
1
1
4
12
1
3
8
4
2
1
2
1
2
1
1
7
29
2
7
2
1
1
2
1
1
1
2
3
1
1
33
1
1
2
1
1
2
15
4
5
1
5
5
5
1
28
1
1
1
1
2
2
2
1
2
2
1
1
1
71
15
14
1
1
1
1
1
1
2
2
7
2
1
1
1
2
1
1
1
9
2
10
1
3
1
1
35
1
1
12
1
1
1
1
4
1
2
1
1
17
3
2
1
34
12
1
26
2
3
1
4
4
1
7
4
4
1
230
1
6
2
3
1
52
2
1
6
105
2
5
1
1
1
9
844
35
8
2
1
7
9
1
1
1
3
4
1
1
1
4
30
2
44
2
1
4
9
1
1
8
10
20
3
4
1
5
1
1
5
69
1
1
2
2
1
1
1
12
1
3
3
1
3
2
1
2
4
1
3
3
4
1
7
68
2
1
1
4
18
3
2
1
1
10
1
1
5
15
2
1
2
6
6
14
9
18
2
5
1
3
1
2
2
67
11
1
1
1
3
7
1
2
1
1
7
1
3
1
1
2
6
1
1
1
2
6
4
2
3
2
1
2
2
6
3
3
1
6
1
1
5
4
1
1
1
6
1
1
1
7
6
2
2
4
1
6
1
33
4
1
87
1
1
1
12
9
1
2
1
6
1
2
2
1
10
2
6
1
1
10
1
1
6
1
2
6
1
1
3
20
1
1
2
3
2
1
5
3
35
18
1
2
1
10
7
3
1
1
3
3
2
1
1
1
3
1
2
1
16
2
2
10
1
2
2
2
1
2
1
160
1
2
3
1
22
2
3
2
8
5
158
1
1
1
1
1
1
2
2
1
1
1
1
1
4
11
4
2
8
2
1
2
5
2
3
4
1
2
1
1
1
1
1
2
27
1
1
1
2
2
18
1
1
1
2
6
11
1
1
2
2
179
26
1
4
2
5
1
20
1
2
2
29
4
1
1
1
1
2
2
3
3
3
1
1
2
2
4
1
2
4
4
1
9
2
9
6
1
3
7
2
2
3
7
1
15
1
1
1
13
1
14
1
21
2
1
7
1
1
1
4
1
2
1
8
2
1
3
1
3
9
2
1
1
1
1
1
1
507
1
1
11
1
1
2
3
1
2
7
2
1
4
4
138
11
1
10
3
1
5
4
28
3
1
10
1
12
5
1
3
2
16
14
46
3
4
11
2
11
2
1
5
3
1
2
1
3
2
3
5
3
1
9
8
1
3
2
1
3
1
161
4
1
6
1
4
1
1
3
5
5
1
3
2
1
14
1
25
1
3
4
1
9
3
12
1
17
1
1
2
1
1
4
1
1
1
1
4
2
33
1
1
36
1
6
26
2
2
18
1
7
1
1
3
1
1
111
1
1
1
14
2
10
1
1
1
2
1
1
4
2
15
9
1
14
2
2
6
2
1
4
1
7
1
1
2
1
3
1
2
2
3
1
4
4
1
5
21
4
1
1
1
42
1
1
3
6
2
3
1
1
2
1
1
3
